10844 17337 10014 14676 9815 15804 9789 16443 9755 13707 9571 16194 9504 14910 9825 15549 9595 15120 9428 14754 10580 13830 9943 15183 9751 14982 9733 15651 10616 16812 9693 14505 9443 14490 9884 17358 10330 16335 9868 16035 10190 17190 9787 14550 10149 14103 10022 15117 10453 14727 9701 13647 9435 14955 9656 14682 10111 14676 9583 16260 10069 14472 10066 15213 10013 16875 9873 13713 10303 15633 10045 17823 9949 16959 10628 14247 10076 14793 9941 14058 9768 15138 9908 15045 9601 14535 9649 16848 10473 17658 9997 16473 9534 15447 9625 15747 10027 13932 9757 16308 9713 15981 10611 15042 10449 14043 10074 15723 9640 15249 9979 14478 10406 14796 9365 16494 10265 18198 10115 15828 9602 15516 9444 14805 9489 15048 9737 14055 9682 15927 9738 13590 9558 14862 9841 15855 10318 14610 9731 14664 9909 14889 10324 14982 10135 15303 9989 13620 10110 15459 9797 16038 9751 13302 10426 16389 9544 15333 9767 16335 11204 14817 9871 14481 9927 14889 9956 14259 10028 14787 10757 14478 10019 16002 9450 14526 10106 14595 11247 15852 10391 13245 10662 14472 10929 18063 9747 16902 10586 14451 10173 14871 11237 13575 10333 14787 9800 15819 9732 15261 
21777 33597 22708 29568 22521 34695 23622 30678 21827 37779 23141 30837 21948 32265 23073 32424 21407 31908 21354 35469 26169 32226 25412 29967 25165 31233 21567 34203 25167 38094 22960 37530 25151 37335 22842 32160 21630 38169 24342 37959 24966 36864 22101 34212 22346 34245 22180 35553 22982 30114 24922 40443 22678 35586 22175 32718 23006 39807 23583 34071 23615 35526 22571 40278 22100 32796 23698 36714 22215 37857 22619 30984 22433 35097 23864 36516 22427 32031 22572 31677 24486 30789 21736 32625 23237 32379 23458 31809 22609 36438 23065 35724 22214 31275 23318 35433 23030 35676 22778 30540 22171 36237 21863 33750 21765 33441 23326 30249 23870 30975 21190 30576 25138 32952 22049 32019 21918 36246 21655 34212 22171 33693 23590 34008 22091 33432 23039 37251 21832 34722 21037 32547 22547 33228 22258 31782 22812 30159 22806 31578 23663 34212 22610 35811 22028 36327 25223 39243 21358 32664 21386 32142 21607 33777 22815 30996 21858 34734 22157 33396 23033 32568 22314 31866 21786 31350 22444 30414 21973 36786 21822 36270 22635 35334 21817 34425 24078 33528 23146 32481 22670 38202 22508 31407 24111 33648 21823 33915 22924 30564 23665 31092 21908 33237 24427 32757 22441 35469 21777 37962 
39073 57855 38411 49059 34726 55440 37421 51660 40467 59670 36701 54054 38945 50916 35222 56451 37210 52701 34727 50208 35443 53556 38230 50982 37857 47568 34890 54459 35739 54174 35922 55323 35689 55698 38573 51378 37698 49032 35870 60369 34442 56865 37087 57660 35704 52239 36258 60945 36298 53808 36024 54942 34357 56085 37905 52224 36243 53049 36409 47229 37196 58056 36146 56367 36666 48357 36939 52794 36200 55026 36362 49134 35989 56109 35480 56286 36018 59844 36475 53136 36206 53304 38278 53682 38364 53472 38276 60783 36037 51423 36353 50136 38265 54012 36514 57039 36281 51549 35506 48861 37138 60510 35309 55479 35922 51234 37934 53160 38478 54084 38396 49794 35049 52461 35184 54504 37936 50010 35744 51060 34483 54129 36814 54549 35389 54315 36602 49458 39586 66384 36559 56817 36052 58641 35735 51732 36042 52233 35363 53832 37988 63078 38463 61668 35810 53565 37790 61764 34762 56367 37359 57687 34984 58170 36455 50364 37611 61653 38174 58482 35324 57126 35424 50496 37137 56394 37264 51393 36213 56961 35540 51174 36779 55137 34517 52167 36337 53193 34935 52320 35189 53301 37999 54657 36302 58443 36106 54870 35072 49953 34726 53400 36599 61809 35804 51336 38560 52770 35242 60345 
50889 68826 49109 75882 49066 76020 49544 76890 50903 80271 53429 69396 54702 68448 49125 77700 51106 70923 53134 67314 50551 77991 51303 79071 49553 75783 52091 81591 51929 67563 50994 73770 49941 75324 55003 71700 51725 65976 50213 80811 48052 78255 48823 66477 54612 75339 48737 75660 50889 72810 49673 71826 49175 75306 48615 68085 51647 71220 56251 67614 50502 71550 48988 72105 49800 78045 53518 69759 51660 70989 50246 80625 53297 74541 53296 71283 50712 79764 50104 81447 52396 71868 49665 74709 50242 73659 48968 70212 48881 77988 51976 75939 51655 74190 48774 82422 48109 71886 60310 70521 50793 69093 48912 65646 50274 70008 51870 77031 51483 81879 51998 74796 51140 68355 48007 76332 57503 74682 49095 69057 49862 73032 51578 71880 51063 78234 50949 80262 48847 68589 51956 69666 47556 72219 51411 76869 50091 81621 48203 71703 51508 87780 46911 74337 47983 74463 48321 78309 49633 78168 48857 70971 50134 70374 50661 80691 49616 87192 50042 79542 49064 71673 49620 74616 48075 75591 48121 71334 52027 68907 51583 74598 47393 67878 49518 83079 49292 84963 52875 70380 53461 71658 52623 70419 49680 73254 48012 83802 49561 80052 49823 76935 48703 71160 53183 85311 49361 82470 51128 77391 
63812 92352 63932 95952 70462 90711 64379 101148 65697 102858 65973 92898 67357 89454 63819 102300 72570 97893 64082 93726 69188 95217 64955 103710 63737 91191 62009 94995 69713 90975 64053 95514 64388 90666 61886 92472 62496 99039 63304 101409 66641 100929 67795 84660 67368 88227 63623 107688 66955 92568 63168 101148 61635 98058 64891 103596 63272 91521 62803 96231 63278 99912 62868 92493 62861 88374 63697 95640 63009 83718 62523 95373 67813 103092 65402 97950 66460 102093 62757 97929 69270 111918 73227 97776 73646 97872 63223 101289 68061 94857 64080 99720 66600 107331 64434 92241 63493 90873 66093 98256 67274 95685 61912 89613 64335 102012 63095 95997 65098 86121 65597 87567 66037 91245 66417 101187 65763 96654 72467 101583 65235 101058 66155 98286 64571 88503 65436 92751 62623 93129 66979 100065 66630 94824 63314 103383 64926 105423 62972 90834 69247 87429 63087 97689 63494 98397 62328 94791 63193 97263 65951 92121 68071 93543 65497 95637 68789 100194 64624 108780 66016 102072 65847 89640 66014 94557 65652 86700 62970 94743 63112 96042 65063 94752 67465 94014 60574 89970 61078 97122 62258 95742 67852 101571 65184 98499 63252 106131 65821 101346 61314 93387 66472 103266 62176 92694 63245 93831 62459 94923 
82113 108414 76913 129954 77174 120663 76317 116562 82203 120636 78271 119946 79639 129432 79506 126141 80554 121140 80155 113517 79275 124758 75937 119295 85130 113178 83314 115620 79747 127641 80226 119415 80186 107589 79524 119934 76998 117699 85106 116511 76151 115725 81374 120870 77860 118692 79570 116517 86885 114426 81315 108513 86505 125280 77933 117945 81246 110460 76583 107673 76260 116238 79648 119289 79883 121524 76403 117618 80845 128193 75934 119103 78248 112872 79740 126297 79870 123615 80064 111339 82708 128805 76702 122274 81899 110454 76757 116151 76978 114696 80094 110985 84427 108006 80352 123942 87283 120618 82434 116439 83194 104700 81768 124554 81533 110181 79481 121125 79959 122406 80936 120267 82466 115020 81083 118746 82296 117237 83040 120744 77836 120696 82790 111240 81050 116748 78595 113811 79608 123234 76810 112554 82884 104709 80537 112998 78287 117681 79507 125835 87418 125244 78131 124788 81971 113490 77313 120717 81766 120615 84366 128811 79156 121209 79690 112032 85227 112083 76588 117012 79160 118635 77822 119250 80953 105966 79086 109167 85892 119964 88054 117402 81416 120303 79028 112476 79300 123768 80649 112113 79271 119781 80958 113859 78294 117516 76979 119253 78851 120843 81739 131577 78360 127896 78603 122577 78213 110328 81421 127257 
94402 151641 93667 133956 95181 142950 94602 144786 96526 152103 99552 134364 94673 135876 91698 137103 95308 139764 94018 147198 95405 142221 93186 131493 89135 139800 95985 143262 92719 145440 96408 131937 99082 131319 94236 134250 91605 135297 95482 149613 92953 131442 92050 144078 95719 134070 93298 147513 98299 144900 104813 157041 98634 139803 93824 142608 108918 158697 94276 143580 93731 143607 104169 141930 93328 149745 102965 127671 95316 136050 100267 126000 96830 130578 94127 136710 99123 149556 98074 152145 96006 138015 94099 134628 96628 141672 90459 132771 90473 128211 90888 141630 96004 126597 93272 136164 94262 134733 93482 136017 98853 174432 97716 161559 96699 140085 98420 152175 97555 131466 92174 145287 95443 140079 92738 143916 95801 137703 94863 149010 93987 141027 93209 146844 95371 154119 96577 135456 91025 132846 96534 134061 94018 136374 93470 143544 93550 127857 93470 149289 96062 132357 95322 154746 92553 132105 93521 145203 94459 140151 98191 141519 93224 136029 93691 142674 94984 149178 94281 139827 92863 138765 92648 146499 93645 136749 94766 140928 97247 135861 91937 140370 101238 123921 93576 140823 92668 135933 93020 144423 94903 159693 92440 129474 94740 138867 93249 145716 94942 135054 92595 135234 98069 130482 94705 146190 97516 129852 103303 135102 
107086 171351 111881 148800 110345 171777 119206 179130 110289 159993 111340 155805 109591 162609 103911 162774 112097 154068 105342 162960 117543 157335 113537 149583 107245 168714 119500 152739 114431 176991 108369 146676 113754 161655 113493 160728 106958 160977 111435 159744 111645 162687 108523 173784 110823 152778 110834 157230 116553 152856 115550 161169 107549 168936 119988 168534 111971 174396 115479 158046 107258 159252 109351 161595 110201 160053 109380 151473 104612 153591 110060 173796 108449 154524 119482 146247 106572 159309 108844 157728 106099 157437 109242 166725 114423 177015 112968 154548 107870 157356 118817 168597 111153 174720 111566 154422 108018 153594 107886 155169 108304 169239 110287 151269 108733 167322 105958 156666 110456 165684 114958 161100 113875 153774 109143 159105 114665 159897 113187 173130 108439 160695 111470 172950 111486 161730 106701 149418 109230 154071 106325 162882 109434 173124 108061 164829 110547 146727 112433 183351 110206 171243 117371 148122 107788 158259 110480 159273 113725 173004 110909 167022 113541 163872 109742 167154 106579 161592 109211 145644 110328 157581 106657 164484 108566 165297 108365 149757 107467 156048 106422 159177 110378 151377 114554 161613 110825 149655 112324 152793 109786 174057 113567 157911 109416 156789 109910 166140 109915 168567 105545 156108 108096 158100 111029 158604 107628 168894 120716 153207 
127819 170829 119628 180177 124519 179694 123202 177282 127147 180513 126632 172329 122895 189054 124030 176070 119880 178635 134619 202806 125167 187782 124017 187005 123004 188472 125010 173415 123006 182571 131269 214773 132155 202662 124374 197199 133763 187446 124504 189204 127650 210435 134221 192738 130964 172680 126674 172068 125259 171315 134933 171351 120584 178494 128686 172398 123073 187626 131150 193944 126607 161952 128504 183396 129353 176046 126119 201615 123876 179316 134097 177708 125922 184329 122205 181785 134901 202737 123780 189504 125326 194712 128829 195819 127467 172965 121892 177771 132730 192411 129701 172263 124851 187407 124707 182787 123403 183165 129017 179985 127478 203223 124465 181254 126398 187896 128199 180255 128545 191850 124605 186738 121786 196236 129389 186330 126569 194406 126434 202854 123796 197325 126396 178737 125719 187836 128055 174498 128468 186393 122999 179112 124313 178035 122454 195696 128821 197979 122807 184659 131134 173064 129881 204744 125133 175317 125841 182421 122939 190728 123478 186486 126435 178149 130711 182862 131165 179949 127609 204300 124081 175932 127666 182295 125662 197652 123770 167499 120536 176799 134428 185406 122896 172485 127279 174771 130018 160770 122101 180753 130769 186402 121878 192306 140070 186345 122066 181467 121910 183042 125713 187479 128842 168537 123463 195453 120619 183870 124632 191787 
144955 212424 140874 209094 153254 218094 144987 242142 138781 196674 144356 220026 141390 208890 141819 206427 141309 204432 139757 209520 143280 193560 138886 204162 146841 191367 151256 231435 141132 201252 142908 194523 143856 226518 137898 206952 143349 242730 148114 199896 143847 208647 142278 195693 144120 242637 137663 231438 141760 222651 134689 211299 144000 223821 150276 207369 142722 209235 142211 235440 137131 221919 151731 202392 143047 231324 139500 216423 139821 209796 140756 218466 138640 195861 146040 216513 141847 207966 157235 190551 136171 195489 138124 206787 143797 211146 142620 227160 141129 202512 139537 198804 138390 218508 143751 208596 142444 230187 139404 207402 147531 197028 147438 200895 140680 231969 137139 207090 138673 222996 141146 218712 157178 202386 139381 217788 137827 210042 139568 205041 145571 204438 148278 195135 143379 229125 146098 211437 162175 222135 143002 185394 140189 203997 144388 198762 136263 207036 139356 220944 143693 212142 138066 193638 139328 204264 144489 210558 140259 212295 137264 213738 146143 200595 140369 204579 143851 204210 139097 192765 137922 201108 147207 218850 138144 203871 138023 208470 144325 213873 140238 215985 144395 203559 154738 206763 140324 221745 138204 215640 144987 202221 146980 191277 140252 216828 148075 187623 138019 228873 141096 221559 142834 204402 141008 213513 148659 210225 137133 218721 
155414 220599 155467 223287 157755 234078 155597 212844 161842 231171 159877 217356 155085 227010 160480 253515 174812 203937 153106 252738 153515 235530 157225 223383 155465 218433 156003 231297 154993 227886 157971 229317 153898 247731 159104 228378 160608 247350 166706 240822 155443 229038 162340 229191 153959 222519 152244 235254 154385 233868 153785 233556 149965 228822 160885 235575 162260 216939 162924 215613 157097 224373 161676 221772 154977 212088 154422 207762 166210 214560 168753 226581 154476 214728 155391 230064 157345 224238 154339 230148 162688 225600 157532 239658 159179 226791 157221 224241 160421 236460 165173 209667 154896 246141 157224 263589 158807 228678 159069 219177 161153 244194 160175 223293 153332 212889 154132 243546 155360 227898 172722 212664 155765 236541 154427 245316 155938 237684 156863 233751 173042 250350 155997 250788 159669 224673 154103 238158 158783 231180 155697 249120 160165 220020 160557 251310 160709 230337 156827 232995 152170 230451 159240 246654 154062 234906 161466 265542 159645 245943 159458 264555 162631 263682 155701 245364 161688 217077 151594 224736 158284 219873 161710 216720 153836 252354 158885 232848 153624 239550 160791 228186 153825 230580 161378 237459 163590 232542 157133 218274 153843 236286 158870 224025 156081 235290 158651 231309 159390 232521 157178 240372 151641 238221 159168 257463 155702 221103 160344 234861 
172130 278460 178143 237879 178009 256551 166750 259614 180847 277584 171937 253491 166496 251496 191318 224508 177568 247701 174830 243180 172354 253809 172055 279069 173365 257859 175243 276684 171415 252840 183917 278469 165537 243366 173501 248463 172568 243306 176243 249867 181606 254370 185459 239298 165431 258396 173598 248019 171128 264726 172277 258738 175307 267381 171712 242463 174276 275010 175350 252828 179026 283032 178492 240156 178120 256326 174896 272307 175587 247641 174371 276105 174581 250518 178388 259596 190331 272283 170237 256881 178927 234522 171215 268035 170236 257001 174183 270111 173068 239397 179023 267798 175023 278226 181183 254313 182401 239055 176295 239499 171631 234672 176421 265962 172747 261429 172728 244902 188724 244389 176492 267720 176106 244902 172856 248298 179791 295035 182189 259515 165018 248280 169066 248559 186187 247428 168556 245265 175588 250620 185060 255780 176154 260367 190578 250344 173164 241674 171238 238497 177387 234981 178664 243597 175663 249825 170015 253584 171880 281427 179787 265062 181487 237399 172491 251724 170386 235620 171612 248127 179529 263088 171184 281514 173337 233274 169568 252225 172812 262260 180997 271527 177659 236394 183863 247107 184066 246153 169102 261987 195603 244125 178555 240471 166307 252801 169267 251940 193432 298578 175151 247641 185485 265518 176588 277302 178143 241299 170281 265587 
188881 305913 181866 273153 198312 306957 185174 285879 189389 292998 189838 285591 187829 274005 199038 257850 196048 278757 186304 254955 194611 277707 185482 281001 193335 307548 200948 292449 187843 249810 188133 274110 199726 268536 192484 278307 190325 274764 185953 255006 198191 265212 196741 272175 188552 308388 210969 314940 188079 276042 193044 278280 184473 296511 195418 265263 192075 295701 199603 283470 186913 276966 186004 270471 182483 258429 197048 282318 192311 286260 195449 289050 190126 275772 189768 277554 190759 305532 187028 260823 199611 283047 195580 310608 180605 270321 184775 272163 194649 273300 183073 292581 195318 252408 181908 282015 186416 283413 190697 268740 192664 279990 206381 281364 182801 272817 195468 257967 197674 306459 186465 288783 192367 269118 193197 278406 196538 286149 186199 283104 193029 269664 190308 265281 196993 277740 181404 276444 192416 279738 186466 269115 196911 278172 183038 270993 195300 304701 198247 264453 192960 268074 202754 256878 217953 264222 185455 285783 191504 281253 183047 265887 187324 256626 189998 298050 189712 282603 209213 264615 203540 289680 191557 279408 215075 254136 191695 300432 204780 261933 185631 255279 199487 279897 193559 269106 187895 288597 188029 295668 191189 274179 189981 263256 192222 276279 212326 248229 194429 303957 186590 273702 193963 254790 208051 288009 182573 268227 195844 278688 
203489 295449 209002 302712 208399 307962 213074 290520 204026 290379 201861 309756 206073 278220 204035 291033 199818 304020 214054 309642 211960 282864 206789 305568 219089 285123 208808 302223 201924 320130 206790 297141 221032 285534 210900 315042 201716 316935 198155 315927 208723 298974 207005 282885 202947 308016 203747 279117 208729 293721 212022 337944 208101 297231 213158 289422 204229 315153 202762 292314 209837 307029 205639 295527 219334 310185 215316 298980 214746 311343 220655 303090 207126 320445 217302 280317 212275 280344 203824 318486 210230 328572 213309 295389 202242 292089 207787 314256 207440 273081 202535 286593 199120 296943 220259 341883 199104 298608 212051 288660 202134 306213 209272 305592 208514 320181 211700 303201 202688 295860 215016 299247 202727 314544 203449 301830 202850 312654 202452 293394 207446 325740 214372 291630 204876 289440 206562 321696 199384 311040 197621 293784 205102 322923 225216 281841 213810 317814 202933 303315 211266 313998 203056 315291 210251 292221 219061 304398 204240 284730 213663 325083 203419 304158 206133 307041 217007 324717 225183 276081 202070 297894 216749 315483 204648 303195 216293 287856 200576 291336 226954 301032 207645 286032 204179 291771 197438 290784 207715 314994 204647 313590 221709 292518 206174 325302 202152 308433 200587 283068 202875 312183 204038 295293 202552 324108 210805 287787 211430 269883 
224089 348744 224578 344178 231262 325359 236500 332025 244972 317466 217302 325779 221319 336144 226532 338238 222255 351654 227123 318570 222391 311406 226139 328854 217314 328104 232402 334470 222958 366915 223380 319692 212676 316434 226467 329565 218608 337326 230372 342384 230667 379431 240320 319452 216387 332547 224044 325542 228402 340137 217412 336897 227725 348357 223783 316572 219318 319956 224269 353229 224457 331977 213828 317550 221646 331497 224883 306969 225282 351090 216637 325656 223400 330705 235377 335574 222215 322737 242771 360264 214917 311208 221600 343719 226003 344001 220992 349527 217973 354639 272635 345423 222238 345882 218263 320769 220975 299742 221795 308808 223283 312264 230319 321486 217785 334788 212171 309540 214295 297171 227015 320916 232963 358122 224362 319428 217034 299253 232509 299115 225238 345279 227316 321450 214092 338223 237854 365874 222773 344007 221122 316470 226546 345636 219908 319662 223255 318366 216964 308496 225498 336570 232908 312693 222074 342678 222990 326769 239779 392199 217829 309468 217068 332538 222033 334128 216104 304758 218416 315609 232780 325482 243598 357663 224014 339543 218106 341382 238718 324543 228360 317436 223915 297873 231005 343416 224262 333921 216635 327735 222082 294597 225400 350874 224387 318966 217921 334239 225254 350034 232403 303123 216305 343719 214960 329097 221391 349755 221692 320796 
241324 325098 263250 353400 244045 327723 244166 410367 235749 335442 255095 328074 252802 321339 239041 397299 238270 337611 242735 366522 237045 370428 239316 344991 251816 323766 237790 339984 251615 320760 245974 333831 241081 334662 260341 341172 254282 333567 244457 378834 272066 315246 227483 351213 250219 365412 237509 360084 246317 350784 233059 361413 238195 351351 231722 357669 244442 377388 248859 326727 231117 367434 243486 355644 240492 336201 234446 323535 236641 349821 229319 355032 236770 355500 238856 344499 244386 361200 244505 394188 234708 333297 251758 338568 227530 348069 235218 347829 240636 335106 242074 355632 236770 334518 245627 414240 258117 304926 237968 369912 238997 349575 247158 323661 237181 336018 250589 334020 255134 327876 233222 331281 236599 356988 237883 351762 259347 326607 235816 380649 243771 337731 235307 346302 239609 319872 244262 350130 232160 338262 231277 348147 245670 353283 229838 348678 243206 355119 248580 360321 247202 342669 235733 341859 241944 340812 235292 343746 232462 321198 237659 382803 235913 335814 239291 379326 243806 355398 240485 351948 241401 345609 244544 325773 240307 340944 244497 356727 237441 343386 234715 375405 235624 345015 245570 327108 234149 348987 244283 365298 250235 407910 237966 330621 244596 360918 238697 334290 235771 375915 228894 361320 240019 351462 229805 355860 236079 346956 238613 332547 
247178 371772 254885 371073 274870 346917 257013 378840 251823 358953 256759 396783 256530 407631 259251 344451 250115 373410 257577 389979 264650 352686 248841 379140 245174 361446 277213 400716 255947 368343 255937 390255 251655 374448 250925 357234 258450 359166 248998 385818 256417 405072 268533 393399 261912 393111 264631 362028 254283 390465 248185 381882 263276 413340 250046 368319 261822 394710 248941 380067 255983 358425 255034 391020 247164 361059 257544 347295 261473 355653 244500 371619 261144 381570 258537 378516 248756 385563 249828 382476 257194 377241 253280 356787 264652 354981 252831 398391 257878 353775 253255 364587 270171 396576 246078 370497 254702 402201 254556 378474 262764 408693 257077 378756 253476 365535 255279 362085 249559 349686 261166 372312 251231 388353 250607 351093 263599 386316 263159 372462 249030 405681 255732 390573 264565 363333 254970 364965 258841 376722 256984 377784 256797 366219 263665 355806 259250 392115 255889 389229 265329 343941 252231 358935 250874 360843 258507 357042 273123 361164 255491 369204 251266 383688 267451 382086 263919 366819 249105 373293 253534 348714 281946 401526 273249 374289 245484 376080 258415 374022 262959 370068 257582 361911 255605 358248 261209 386907 256269 394797 284921 389019 262463 408399 252877 368001 269292 407490 253659 374223 264106 357945 254995 417477 273200 385995 256725 344439 263988 381120 
272917 395178 273197 396717 278314 397200 265346 408171 265357 387777 262114 382917 277209 409572 276021 386166 289038 387999 272008 365946 295813 370914 280373 404022 272330 380013 278938 417945 273857 396654 265816 390522 264963 389646 274706 404100 271684 374865 277983 429189 277567 414042 269649 362844 275130 399723 282661 458370 263764 417360 288265 414714 267716 406353 266971 451587 289832 384132 285998 370470 276048 380427 271763 418716 274300 425751 271014 395619 270734 422040 266900 380505 279403 397311 279703 379413 271533 415179 268815 383220 302370 404301 275467 398385 275399 395595 272496 366651 285564 392553 269185 387621 266160 398052 277200 378804 266833 407688 277653 409821 265394 373080 286511 387477 273176 424107 273683 399849 276853 403521 263100 404334 277451 376860 263423 386424 295280 398487 278627 426084 268069 419514 263676 410904 283041 412950 279269 389280 266156 407802 265755 421650 271247 403140 268351 368391 277210 383157 290476 412212 281082 375543 265528 406443 274449 383793 278181 439746 266299 377268 275123 396819 265772 394437 267551 404214 293275 377163 275880 440583 265571 397095 262476 395625 293106 400632 275946 421581 276307 407601 284132 400338 282040 375255 268622 393381 270523 393915 278413 405768 279071 371118 273948 413691 267291 405612 282232 420243 271281 366609 267923 383352 277816 396792 285146 417513 277388 442389 279603 376467 
288135 446745 298679 432771 290727 409917 290274 421533 300845 409380 275380 422673 283981 416826 290239 407922 295970 438294 286769 423837 286690 414804 298476 430464 285933 405579 297738 425589 293764 490149 279426 436116 284192 437478 309517 406383 301150 423792 297078 469506 286701 429726 287051 400947 309800 438069 289203 429897 296080 467772 294474 401442 279010 408597 286507 426531 296964 426090 300951 407940 287271 444390 323848 495000 289867 427107 302432 479904 279223 422976 287348 455688 308532 413472 294863 428250 288658 415005 282026 444870 290516 445629 282774 418050 297810 401676 286566 428772 280776 423330 318041 382848 290486 449028 290726 417945 280617 413565 303711 415872 281814 409569 286989 466344 291083 471429 287047 422538 296538 439449 282911 444330 289530 417189 308448 412650 289402 415038 293758 421440 285785 470331 287644 452865 294768 405282 284884 425004 295780 418977 287960 435504 290047 478035 299351 412644 283831 440637 289672 416718 287482 407946 285006 412038 283336 437346 287978 431931 289803 459780 287346 448749 295364 420948 293741 389874 284861 427101 292939 422151 288065 406185 296295 411495 298307 450552 276793 397608 278139 404745 284443 437136 316912 393849 297841 420930 286788 395799 287577 449106 280774 412452 286469 413907 288605 434205 284028 466566 291774 406524 294712 408438 287575 406344 284723 442146 290441 448221 293834 382944 
328350 452667 308754 418689 319721 447873 310057 434223 312247 501753 309368 443799 300020 442245 301910 439263 307727 461013 301666 421113 303174 414396 333710 515094 305171 433917 317120 445344 310363 458070 300694 443256 314999 434472 333586 430254 306346 429249 318509 422904 305747 498480 297175 444171 315545 405186 303684 435810 305930 453228 291181 428199 313378 416676 295927 445836 300783 474828 315156 465681 294027 452826 312230 442731 298572 481962 309968 418413 311619 461928 325573 403530 308870 461715 317473 488130 307932 471744 303294 417564 298558 434874 308833 466407 320523 446424 317382 484521 310987 455484 305292 458322 304447 449457 300681 423087 313711 427953 308951 465708 309663 508875 330328 431427 308711 452595 324727 435168 310868 423882 303261 468465 334122 429393 311967 464553 301117 428424 301456 422859 299630 458943 316063 474318 317220 477567 321824 448713 303933 443853 302681 432111 305368 427338 314597 425154 312229 436746 306149 479595 300690 439455 303683 417201 313541 485766 316312 466602 308809 483126 303112 428346 296645 446661 320085 463356 296389 444525 303048 460314 296160 415140 311391 412704 302192 420039 310134 499488 309933 422628 321458 426894 310406 493464 296131 446688 309529 474465 304693 425853 317028 487110 306833 431463 302841 435270 318349 438228 303388 468774 303938 406875 314118 416034 310381 439509 309372 473460 323269 424620 
330196 500340 320828 482517 311247 442176 318300 472221 334096 534606 326040 446397 340371 426318 330066 432318 338245 445305 333761 470751 318072 451533 325973 471849 360573 471219 336325 495564 351782 480465 314149 473193 324819 448791 321253 485418 325093 457143 320508 441183 324934 483762 317560 507087 316748 464712 312538 493062 341873 505779 319476 469242 337811 509313 331222 438900 317542 452349 313219 503673 320633 466914 318536 466032 337840 495921 315738 493650 326300 461409 325474 467982 329343 476121 320582 476481 314707 471057 317887 495684 314427 500580 330880 449916 327068 467175 312557 507966 322079 496638 319100 490362 352438 488124 329677 541701 319733 525453 325150 495282 324864 500883 313553 468057 319473 505593 310754 468633 322772 474789 334829 462147 341515 471720 328579 527682 325704 461331 329881 469419 321424 457188 337881 495213 319614 454605 334534 462780 325294 479250 331051 475167 324929 492051 330965 508806 327826 531429 335146 439608 330353 495168 321787 464334 342463 484494 318509 464988 332854 472860 317210 478086 317739 498480 323867 461457 314682 457479 329842 447072 323789 488796 325351 490050 321852 477120 316942 482727 334732 433869 327884 502488 326931 469716 343814 420306 319501 456516 320100 485475 317541 485967 329837 463275 315317 477873 324672 500949 314397 475305 326502 457932 326371 506049 318364 457500 333922 440472 320373 486672 
334955 496389 345140 522918 361196 509583 332985 517254 333347 530826 333774 497724 357296 446904 349124 492093 338186 535590 347534 487212 335069 505131 346657 489708 350363 469917 342778 532095 332927 514824 349328 533112 346649 490404 335826 520464 335386 513675 334171 451143 352741 530241 371757 530622 344853 475314 336077 463614 339531 522138 341288 522012 397167 499011 333289 506709 331175 497391 346340 495318 332655 524256 352594 470901 341666 492591 350798 530361 337424 502563 335430 500787 327809 493974 335188 482103 349375 490236 332304 498195 336292 536217 333755 507243 338895 514269 339822 484029 333555 492750 338125 530826 338872 501669 342855 483855 366330 474027 340151 520770 332053 499140 335050 488466 334885 501309 344582 463596 330049 478254 347970 504012 340969 489282 335363 475209 331225 513504 345445 496353 334832 525468 345649 481560 342548 518112 364014 516948 336684 466560 335060 474504 359679 531759 329036 517164 358839 475764 345933 481749 361083 494097 335491 511302 354001 514722 337219 495378 352172 507633 341798 500751 329056 486486 365412 516300 349061 512844 350906 471894 342181 547314 340381 492804 337447 486972 341613 514029 338850 502806 342908 494307 344968 485454 333916 491712 337105 481665 337820 478185 341365 499698 367198 519864 341979 516312 353206 492192 332189 508386 365393 536427 344985 472470 333576 493341 351924 518793 337020 538152 
359539 512940 359890 556356 355956 533295 357489 519618 356098 544494 351559 501348 369168 600786 356013 533517 356481 543936 358246 540903 353009 550464 362943 505479 361677 543633 353970 522717 361145 530634 353836 495777 343734 520998 361731 521103 355686 498162 352545 534639 365208 501003 353661 545928 363432 518328 391657 497430 359514 500952 361910 529878 372499 485661 362555 537339 375387 534453 357716 543393 353711 487077 372277 552399 356982 479688 360678 523758 355084 547635 385030 529875 355297 482613 366067 547986 348910 535194 351144 554421 362209 545079 373567 522954 352804 516150 344924 513351 356447 512760 360415 503349 362902 526479 356653 558183 371865 522969 358945 538848 366153 489132 375890 511815 354358 515898 349598 499917 359898 507645 351893 546249 353840 552507 363183 472899 362318 553626 350890 500025 361511 529371 358750 529167 358673 516705 361501 516855 354110 523434 393558 580269 363037 554628 363934 526767 357697 513549 364695 530256 375531 570642 379204 513390 352148 494772 365197 575832 355617 533199 355967 572865 365897 550974 363551 479946 356218 518721 348414 500631 353441 555042 347549 492921 352844 514404 359575 542148 390313 513960 363191 553866 359590 513273 374828 533175 375060 521307 362244 516753 354929 503637 360665 573357 382746 487884 361466 486315 344794 508266 356230 521907 354631 542655 363471 537405 366105 538191 388437 571860 
383712 522249 392075 565746 374455 553413 377527 569904 369743 514374 376187 552897 391201 522678 376771 561819 395546 553419 372425 543120 374894 564531 382818 519378 388123 530634 365119 589908 375772 575052 389285 547368 378006 560820 374299 560310 379137 580263 378654 508470 373810 565866 366646 539256 383562 525936 385903 540528 385558 548523 372962 526506 413179 587244 373778 538674 371847 569451 374688 582648 376344 533652 365036 543735 375457 515724 382628 550338 377059 554409 385995 544749 373917 552912 375184 538158 377141 551151 375286 552930 375030 605706 371874 603255 370633 529938 391572 638397 384945 589512 389460 497334 373886 599811 418250 508932 367642 563538 373296 549903 370781 555312 372789 573978 373255 595065 374799 505071 383402 560052 374256 529692 375677 599097 370031 543330 375836 559896 380847 582669 379934 564843 386596 560538 382891 567468 372818 566142 371276 549801 396990 520011 387227 601758 367766 564456 362714 529329 376933 550524 385060 553656 366971 535227 388729 534675 388985 519483 383883 566535 411868 574758 389107 590514 375576 566262 375993 536187 401590 528777 368740 563265 381420 556581 379949 560931 386540 584811 367825 531039 388318 544284 407337 582255 379410 515943 383889 555810 367683 571143 368794 545844 371465 517200 389575 567792 385446 543828 370235 534705 384007 520680 370915 530124 392345 630483 389188 530709 383914 626754 
391721 568680 394761 602535 390446 620733 422860 592680 388498 566067 395726 616806 399421 557520 390058 583347 385583 590280 430453 588681 397099 583122 400467 585030 400944 524814 380618 595182 425194 551619 390447 612663 394251 630573 411532 543753 417650 515031 400114 565581 386042 563367 381449 582471 394108 593103 381244 578877 390292 574578 386856 558183 388584 554382 427085 569241 410651 609828 390583 572085 390709 557484 390264 556308 388328 568611 402481 589449 396960 619773 395260 620667 394347 583581 400456 564114 392604 552081 404296 609594 384845 540315 391924 553791 398618 572607 388014 573144 384344 540846 390716 569613 386230 584040 410443 564441 390774 605400 395375 598248 402257 608808 389300 556284 392415 568068 388407 600078 394328 596292 411409 546360 403209 556191 395154 595701 376827 586311 411433 521319 409084 541479 379313 549171 410072 542214 415624 549993 400330 550593 401887 538548 407920 528723 390732 589386 390651 625437 411017 544281 409086 632982 401339 565926 408794 586524 401013 585735 381037 561153 385433 582600 384397 598086 398483 618234 387629 552201 405506 639999 401386 567921 413869 591699 396187 536730 403765 605790 402393 604611 385066 559698 397904 621615 402529 603153 378727 548949 396162 523236 402879 520605 402684 618708 383688 571734 393542 541959 409030 565836 389538 567480 393723 587247 393206 540858 400803 555510 399407 639702 
424814 608637 403225 566301 406584 556395 418418 564351 424172 652884 427115 550824 415399 580794 425941 653172 431712 592059 427804 608280 420876 570741 392768 604305 429454 588204 418930 611883 413630 682053 407776 624636 409300 673965 426982 574305 410928 594003 412347 631167 409482 602622 407464 607236 425184 592266 420169 592542 425812 596430 420519 609030 444040 645552 470112 550818 415273 662400 408724 613500 431540 610770 399825 601752 403434 594381 406825 620280 411838 583545 406048 586176 400565 582513 415313 619362 410499 622206 419569 602025 411027 652404 409924 605844 396667 625464 421409 611454 419074 642048 413209 631047 407075 560166 402883 584589 410019 663693 414436 581886 417464 567834 437002 600408 429415 634026 427664 602220 425331 657330 408036 588309 404062 595065 411059 584625 403843 638286 399270 578019 411419 592596 445089 575994 415347 623775 410421 624321 427550 555477 432259 566511 411476 638505 409100 570252 427472 613821 410411 576303 404966 637953 412452 629217 412793 587295 411310 608550 412989 569154 410806 580968 405088 578604 421046 597330 406981 632526 414112 626355 410417 576807 456394 639756 417637 626493 406880 601338 409854 591630 407124 630261 403702 605172 407659 600528 410971 634197 421099 557550 428287 623673 422898 632508 410492 587280 404574 609021 412879 625743 406373 593778 411646 593298 405557 653616 418381 612726 408395 562920 
443184 632556 429135 613848 429441 584391 444820 682680 443281 618243 429449 641562 427866 631941 421757 639375 420309 608184 412725 621639 420515 633324 456143 616746 462342 648060 430683 604353 427428 631794 421146 676494 438634 673050 418310 620214 426949 639960 422246 655896 443043 601431 436199 602433 444419 650316 435146 605040 458417 642975 417422 617826 443732 570018 427234 594045 438534 627285 430272 602316 458476 637011 429280 604665 438016 591867 473795 567867 429445 666852 428187 605877 426227 588540 433237 637632 411077 624120 435541 652107 423701 589257 440939 661863 444490 612363 419983 619269 432205 642060 433389 601536 426255 613764 438874 664392 436232 633522 433480 670587 433282 625743 418852 598143 449354 631809 420854 597030 462039 636300 450081 636819 430475 631788 436233 622731 438838 573399 420433 652353 427996 670776 443334 611634 420089 600453 428179 667899 425278 586689 431506 585846 438300 611871 436891 663528 430934 601497 434335 665400 432396 627789 428680 611763 429180 616974 447689 753360 435834 610935 424006 643602 420676 649338 432481 622452 435848 604524 423937 592677 416847 610782 412127 622719 428526 628512 447947 607314 436858 590649 429235 594228 456005 644523 437464 631869 426150 642672 449915 670662 431434 633378 443643 631470 423128 638103 429723 664647 419922 615987 428994 622149 424492 633384 450161 588132 464989 576645 428317 626364 
455269 618294 440642 672219 454663 633138 446198 646635 433564 623466 444016 627378 462641 626604 448209 656814 451616 619350 458520 717318 451498 715401 466833 606726 459080 630198 475594 601776 478199 619203 452714 655779 451448 692097 451809 629400 452358 625215 443470 639477 446809 707043 427699 673488 463562 659310 458739 644028 440819 688035 452902 626562 476580 618168 444490 686976 454159 655149 448492 640104 444487 693309 437402 667914 447155 652545 442470 649008 445034 718971 434741 624633 457531 719832 449175 650133 437395 642714 436440 664422 449314 667704 443230 659775 438105 628305 474192 621513 441835 611922 435777 658257 442957 648225 448208 614187 440055 651189 455787 750687 436781 630252 458762 623919 452428 669099 481040 609732 442949 604584 462136 661329 437054 639444 436786 678615 445985 669417 457636 701229 440704 683892 435966 620187 441472 669033 432982 632790 445775 623346 458609 640560 466073 730137 449376 689964 461720 626919 452083 642978 447135 692346 481620 672426 456313 695454 457628 661530 461319 679509 448803 628842 454432 711237 465905 623418 452226 627498 453127 609783 439140 666204 454735 597900 441467 646446 436148 648030 448016 624309 442793 672687 448995 681390 434721 644925 449320 636948 452008 607248 455646 732603 451927 601740 490978 665283 433014 644415 460652 655518 442327 669015 445900 672465 451219 625239 445722 659328 448139 647694 
463579 719277 466612 679020 475443 618801 449586 691341 479661 677994 472234 658866 460373 674208 469243 722232 464040 653682 462121 700668 456275 652638 469195 728544 474693 657672 452626 639456 461952 682356 455440 682536 459741 682113 459421 682311 478780 673050 478144 692874 455078 663621 482050 631449 460704 739635 446515 689901 451972 646845 460374 644862 494335 609771 464552 642987 445856 693369 461992 764835 456763 646899 449991 655518 468777 745110 473551 760497 469398 675942 480694 693951 456963 657831 462544 685911 459891 709602 450675 649065 453493 642261 460514 645927 468365 699717 448088 709383 470117 710493 456965 683613 457891 641658 471775 703161 467002 704520 454366 675561 466061 677295 458596 748296 480251 717909 476142 696117 484285 691248 469415 730074 480480 674523 480437 685446 457943 651405 458622 720420 453537 666255 476505 743895 468179 631929 499263 662607 471238 691815 466536 632070 523890 756543 466374 687126 461786 682269 472193 760137 477259 671163 458923 671925 498152 647820 483538 620292 462494 775605 464233 633669 481907 691974 474950 695466 468005 682482 489535 665181 458576 713925 455776 659601 457677 694182 457755 667644 448498 655494 484865 680979 454210 703020 487527 612882 462926 692319 476011 658320 456552 687009 502786 642066 465217 676452 458503 696783 496775 718206 457864 674931 454163 681093 455316 682932 461178 665340 462877 658323 
476073 685764 491120 680505 494470 628614 478128 734880 481725 702549 479178 676638 479497 696699 500431 751680 478428 730416 485106 681597 482806 714213 488098 797961 491979 670566 497770 757338 511147 692619 508616 700863 482485 687147 496934 723042 463326 700374 477593 727893 472529 719166 481142 732159 502026 669054 488372 736167 470311 726303 508749 686010 473989 747855 474124 712275 485088 724128 489695 705444 484172 708144 501699 659184 479996 671199 510792 692409 488681 757293 481614 733782 473819 693309 467700 705573 482168 729393 495099 667341 484917 664740 482647 688035 493749 678825 474787 697647 508638 712716 485793 700566 506681 652614 482342 686169 469795 713373 505854 711702 484450 754149 464981 704469 488976 668742 482175 669339 495799 669474 471632 687267 484185 724536 485689 693489 478212 660849 475598 681510 495296 701736 478411 698742 475204 686184 495804 671124 505494 746856 473278 722232 478556 685320 496083 736254 504249 638973 470000 671709 476513 697341 472672 713616 528614 785211 482098 761163 521597 707028 476721 700662 475898 763671 480391 681606 495912 730245 473340 704220 465719 676569 494449 662355 486531 724977 483991 706020 468125 702645 479205 748179 487853 718041 476462 744861 480563 771225 477932 722097 507776 729156 493019 684528 474567 696096 497795 747327 495084 753225 479705 651642 488848 710217 465756 695289 471559 714549 496284 732747 
490480 741036 490382 692538 509269 781947 491313 687360 505452 736050 495377 723846 489363 730119 494765 760707 499430 725619 486997 736962 513232 763608 491676 754035 491976 738642 533678 720000 505091 704517 508054 729480 490910 721275 525822 707580 515855 738414 514797 737118 554373 656256 503819 721995 492016 696816 536822 703941 514234 676929 507008 724173 500660 730425 516507 664779 484716 735786 490275 699441 509890 725268 518821 724737 507620 861306 500731 664119 505143 706554 506794 712740 526937 802956 493623 739887 497815 734916 489662 775113 487823 715212 509175 784521 489117 744420 488944 780282 493750 733062 501321 743292 511037 716178 486500 675591 513590 670383 520332 755019 493650 746562 541018 792993 505442 692856 487681 710733 506247 738270 538595 712188 482479 745209 507946 781512 488422 736290 523446 722337 490392 765816 511428 699057 551529 686757 522143 791340 504404 700224 490622 736791 531570 795624 487701 737778 482815 691266 501566 714348 498188 711558 505717 723408 499712 728574 488777 711993 514806 696918 510692 714561 500194 774291 488049 714834 533939 771042 511561 684288 495236 757062 489583 745752 497378 704232 510618 739596 492553 686148 521868 696717 499317 752361 500964 706011 521655 764748 508974 686175 484659 731964 502657 674355 500882 715395 514907 704352 491006 754140 503118 678120 505284 709773 523755 719331 491033 749943 517708 758229 
521598 739743 513207 757242 505803 792207 509842 705549 560544 767895 506819 787248 508854 804684 503525 734448 512034 718077 532201 752616 525663 775377 509714 765861 515261 782487 513506 695646 552729 691167 512059 732159 517456 730725 523780 824160 509083 711897 523131 781869 497909 757236 539409 780915 541251 879303 506374 716448 535565 747279 514332 799476 526292 760503 500867 758553 517946 771672 533403 691569 506747 792012 514605 793107 508021 734391 530760 739035 515669 699672 510993 737823 523455 770133 498167 758667 532754 681531 519216 752154 595054 653505 505602 790077 558402 863505 505228 779583 531667 695787 521577 826305 527047 822990 518009 740370 522277 760554 582771 769029 509701 751374 526706 710523 531135 803133 515123 735060 506022 727305 531221 763581 526120 788727 519633 710139 506743 744123 507570 810522 522594 719613 522700 715245 512723 727848 520895 754950 502846 746199 513536 745464 523287 795777 513818 775008 520195 770727 516633 737481 510759 737181 519639 736461 518089 718833 496407 758892 517917 753060 512121 740610 505250 773103 528859 775779 547808 707088 511530 777363 525534 699264 519384 815913 513125 777915 531432 792783 529258 705087 520202 726141 517309 716112 512250 687732 506017 711849 533380 696003 525728 753924 536307 760974 510730 750210 528618 713274 540542 758853 516537 743832 541418 766722 498841 732738 530808 759678 521551 804384 
526151 766140 525264 758349 572847 803370 532725 774942 543684 888576 547354 750903 542778 882006 524925 771636 551713 782007 528657 787368 543428 805203 541711 818526 526839 737004 533609 853755 531296 775308 535679 764376 531843 771852 542178 777561 567053 823407 592483 714456 544315 849399 527789 785631 523458 793857 542234 791460 537443 870822 553766 748686 534137 838086 537695 787449 520120 785814 540968 744558 548025 805641 569162 734445 531212 755061 540186 769755 585656 718500 545665 762435 539310 707088 539770 775815 538643 802272 546992 826797 525969 758946 547335 751230 551440 744729 525989 764211 538799 829395 536513 801594 514798 800577 531165 832716 520718 785172 537656 811311 538618 828282 519564 801354 530547 805632 554989 839604 528642 795276 521999 785268 533174 781944 585107 812565 541675 855243 546997 766089 534771 767073 543664 774732 523460 734574 530406 782496 525891 751653 534136 815109 538469 720924 546283 825222 544677 889272 532969 794142 546704 753108 535069 818247 538148 803676 524094 797184 547276 771651 527549 839913 561659 759672 565810 813954 511602 745095 534945 761799 571574 820302 542532 840909 524778 759441 541986 816360 527084 784899 573094 818955 526017 847980 549199 796794 536299 770328 523903 808449 538948 766392 538333 800916 528623 835176 539992 777396 548945 833028 528380 833250 549828 766845 566184 729108 545302 797811 546735 827430 
561879 804528 544565 788250 568199 778992 536515 791304 586611 961512 551306 736446 551564 840579 544869 775011 562278 875511 551764 821019 557798 757653 543428 788370 546116 780108 552864 764730 567567 760908 545981 775179 572396 750603 563866 756699 561956 750927 554384 871524 575595 811443 545478 785766 558781 838788 538929 769740 561804 799143 561419 820071 569996 761406 565117 825300 553086 815757 565371 776397 589701 778020 566477 736071 553013 863283 550341 803751 555743 783501 558995 799128 584297 786735 573943 846138 552950 759996 543438 779985 557957 769458 549142 744885 581500 804678 584496 723705 551033 761295 568062 814449 550197 854091 597758 935553 551201 794265 570189 894252 555575 853251 571361 887898 561608 787380 548282 834945 604041 774831 549848 887361 557303 788871 543145 855909 546524 834951 565392 825930 559581 806445 557550 790764 551328 811020 562332 853992 551076 780336 543103 761178 597482 730035 547954 773670 558403 815277 557858 756936 572531 758925 562875 811062 593526 870279 610594 834555 572198 788772 561242 853875 586569 790263 561133 833565 596999 807459 553895 859044 540000 834201 582761 807300 545393 780915 553013 746565 552508 849117 567098 814914 551837 778719 561499 804300 550675 779766 553703 846009 548222 762024 548436 801468 571023 766986 565946 785028 578687 764466 564223 860478 576146 779325 561488 862047 554903 807120 550070 821667 
598589 916482 582230 832671 557898 873027 561922 801231 568801 887796 574145 812568 569774 807375 560136 820068 557782 846516 586880 895626 569752 868932 616078 799911 570295 812745 593534 841092 571757 829404 561711 890496 582595 854445 602648 856431 561895 815034 577105 845424 573817 803844 571640 803967 551483 827421 588867 817884 584851 800328 564818 821664 578012 758583 578219 919608 577852 837570 588581 808884 583636 839649 565701 837741 580442 794982 573596 805431 568414 907785 582087 867843 593072 824271 565162 856419 626385 841923 570176 895767 573660 901617 583843 814953 567274 814341 589173 816441 584908 819642 552077 839400 579537 817923 564337 882516 580236 854424 560722 890553 606184 841656 597331 898053 563406 816486 594345 861810 590816 881121 588239 792465 612150 975126 564869 841626 574342 854391 564069 810351 612493 925212 566733 804603 575351 819624 580319 838707 565804 851916 568566 829497 564162 898023 574092 806781 570965 898314 581387 837267 574934 795519 574413 818739 587420 776850 578740 861942 579511 884529 579730 800124 596490 858330 617081 825360 591456 819450 568778 851442 565727 818637 571851 826698 578505 860193 561826 827955 598418 812274 641043 917856 576555 872874 635479 870990 589198 884583 571634 777855 568819 901917 583775 795288 574063 894375 563685 816534 574475 876768 583830 803718 591322 754818 567640 794619 577353 835437 565143 791619 
601768 842475 630922 844659 591798 851637 594114 871800 581265 846177 623756 921099 607068 862683 603797 839649 585369 976323 595116 800997 613858 810585 581362 956229 587099 907518 601070 970593 634190 843909 607125 803445 649163 913122 602222 855681 587959 839277 591196 854550 580632 833388 593776 858051 574841 825150 603622 841089 590201 902736 587032 889893 569583 817761 638854 963519 596070 900897 585310 854952 603705 800874 613491 858528 629518 918768 586326 844485 572085 871086 611253 836928 607489 853557 592103 822666 577409 843789 599753 876453 590767 847416 609483 834648 577347 937698 598022 847908 582470 851427 595041 856191 612724 893061 579304 874002 598382 809958 603213 816840 593999 817758 590199 806211 588889 902058 603488 890508 625911 831996 622209 913686 575083 851961 591452 827013 586441 835614 621958 812994 594948 819045 600791 834657 603821 793956 586623 922359 588500 833871 665015 860007 593092 791844 581136 879978 611704 866391 571545 865401 587541 890949 634565 836502 596437 851082 636534 809799 623449 862371 579446 827412 615890 841314 598138 901560 593383 932427 588878 798378 607773 813189 566372 838959 598051 816234 626243 831888 590014 787893 620459 797811 577997 894825 582434 866010 597490 852642 613695 862731 579690 814944 575415 810132 596086 807366 581990 796002 621423 840780 603791 798837 609407 837927 578327 828036 603732 943002 594357 961101 
609168 867471 617003 885408 620708 860616 610933 915378 596214 826320 611630 926052 601077 892767 589667 913416 606665 874341 636142 839919 601461 892974 612290 855651 597599 851622 591172 847836 599175 889269 613095 941322 598395 860466 607736 831621 613966 944925 614145 833175 612956 873879 608732 833130 620363 916128 628690 911055 614291 882447 629821 1019889 646307 885891 630306 932679 602478 830583 614415 936639 606389 888603 640545 912774 627237 945591 606934 819144 624436 907320 617976 878142 637409 896862 644347 913335 600825 906753 602659 841659 615602 886413 636320 866610 628672 906696 592508 890730 596334 852588 590324 884250 641260 997809 626248 922371 653220 917805 586175 851457 595197 894681 595805 898818 629074 951204 599352 870843 595874 883056 601302 922668 621581 839247 635561 988479 584475 839478 612534 811524 589029 884646 608666 876468 592558 884919 613671 817089 665734 867873 598662 852018 614625 932796 662727 839748 601702 838722 597583 900309 603182 884796 617569 892188 602484 889773 626630 896547 600973 914412 607194 836064 592806 864333 596611 891981 591536 893487 610673 863178 623187 911616 619015 866025 603310 925146 603472 852807 668570 884601 642191 860757 598225 874371 612539 940668 611173 898806 618700 880359 622222 871359 601013 833301 620170 888660 641098 878103 635083 885870 637557 935628 605179 923304 606453 827790 651041 823488 599676 924978 
642729 912123 611081 931857 652567 840660 629047 929046 641019 1012182 610109 950055 630688 987939 655897 827895 646421 926511 622187 953964 624417 962004 602919 924261 641485 897414 630938 924729 625056 875481 619108 934035 616231 893532 632641 929802 614516 925326 632756 933336 662333 890976 654132 848580 640676 915912 622161 969858 618555 835509 696323 887574 631877 899232 625664 937329 635083 950268 624604 886899 674527 873894 632830 925722 626297 896550 635394 831201 612797 874929 614685 874293 624677 944832 628268 899307 652264 956409 645203 891300 634324 917742 599035 916764 625535 985590 614587 860625 623916 880299 649539 816840 611482 883851 621579 926064 617021 854946 623523 864564 623973 874353 629169 899286 636928 832596 645065 961179 677482 885969 642630 867855 622621 949485 602820 883272 654494 919407 610052 850662 635174 1011480 633289 993963 638458 970638 675791 998295 658995 922422 647070 918903 659733 882279 630666 950898 630691 875280 625474 906711 633212 883461 640533 869217 648580 895086 616302 942411 638402 926115 680532 910332 642774 993012 635929 965829 612220 892785 622247 932664 642602 877386 618756 871071 669042 895341 648248 904482 630714 906162 622244 917475 641644 927954 620641 928380 644273 887391 636472 917619 613303 872196 638696 931710 631448 946908 633214 863031 642661 936075 648906 948510 646517 990024 635544 950097 670410 1026510 642689 968799 
646604 963675 622030 895137 627525 917505 644512 925914 659032 892140 671306 867240 668939 1053051 716859 934398 664471 1079955 638097 927582 635813 924612 652882 925059 634204 956847 626287 893229 676748 1039092 673289 881406 665683 920274 634782 974940 643836 896964 648772 939945 644559 923067 650298 951222 699751 883038 630355 941433 633405 969015 637245 969471 643223 961944 673863 918327 637998 1021695 664991 954573 633897 997491 679757 899271 660669 895056 642981 922836 681784 885468 672792 930285 629603 894378 669550 835383 686899 909684 637505 916053 648136 968838 634711 1017789 629268 894249 632580 915522 643193 898572 655058 992868 665127 875343 649103 934977 637727 944718 663525 965508 670452 892425 678925 936162 662300 959961 650953 1028502 660156 886479 669362 973293 627275 941130 618467 930825 642348 1019577 638083 928899 672770 1019187 642587 979218 630058 934914 653726 992517 645223 967215 638278 968856 655649 894138 647203 924633 628405 934464 658619 861975 633379 961500 637447 924831 646812 887163 647865 1013184 674827 893037 623798 922650 632124 930690 626091 921408 649724 921645 650418 979155 637607 984915 660068 917637 661126 957186 645932 847248 676018 1004145 645622 977748 685946 971730 649972 1034259 662627 921453 628788 940137 627628 888696 665110 1024770 663811 947271 667056 913020 637260 953622 629660 931371 632861 954183 627540 959838 636499 890169 642520 901956 
646039 1008414 650898 1001670 658919 1033710 683368 925206 665245 922410 659812 981477 728376 906513 691362 1093398 686053 894918 694213 1117581 735873 902712 683029 917862 679332 934176 669401 910449 652503 962091 654264 915492 692944 990045 669804 1068216 662419 952056 684695 991767 670212 1058250 655569 950700 681862 1034889 643299 1029369 660096 963783 666243 972276 652407 970110 721010 911547 656837 940860 681998 928491 675098 939696 688014 1007400 648898 903582 665365 932331 655413 925602 646785 991344 670449 1052172 671905 933765 687112 910980 642692 965523 663276 958818 651221 918993 643678 990186 675329 1105956 680498 976095 652014 918261 643512 954819 679533 957849 650447 968880 646198 953181 680763 964218 686193 988902 663251 1015011 684670 961134 683554 990597 654730 1016805 674852 886149 686767 953082 662516 920193 651023 888702 666842 998406 648348 958395 680120 889011 655657 1028814 640562 1000434 678732 950907 643115 887454 652620 941142 652070 930354 674050 961938 666753 938673 739471 1034562 677613 986394 672804 985902 647437 957603 666468 949242 694244 1031265 652130 905151 667621 930639 650592 964977 652414 986730 664412 962565 699253 961353 661915 917952 667347 949584 688364 913581 672575 941442 689258 955008 663496 966501 663093 941940 679163 942624 661449 985590 666021 1018767 665323 979827 692772 929925 680992 965244 655618 942453 656846 972543 704265 1079073 667932 925458 
707021 987420 671305 959886 685425 944016 699157 954420 693106 995754 664535 1037907 667535 1029177 691548 977094 670364 989043 738485 950217 667812 948990 675113 986964 682189 1061112 672568 1089417 701501 976488 678692 1037931 688080 1027374 686387 992685 687694 1019787 661831 1006182 686638 952845 690739 913590 724050 932247 718160 1006725 685516 964869 667204 972465 670490 1067175 674299 1039746 666972 993189 670843 1007355 713582 964455 681678 976653 667976 969903 667612 1003371 697551 1010838 653287 937326 688474 990810 675030 946149 717189 1099710 708238 1007142 678138 1020972 715994 1059639 696356 1025637 688402 1000710 700129 991752 668798 996483 687387 987702 722272 930519 693165 1052580 665660 952395 701722 1079601 680323 952632 679116 950793 685024 929100 681530 979509 692206 1021029 691131 1015209 700542 1045758 714093 959391 711868 1005360 718637 1053198 688578 957153 685883 997818 671222 991854 750571 929643 695204 977763 702888 954603 713671 905628 664352 1001589 676361 1014924 681964 1063332 680300 997266 731479 927714 697447 941817 662974 994317 697618 1078566 677704 976872 680267 951105 689521 1020354 664482 1025934 690873 915366 674722 1028022 672373 944877 693109 929514 669410 978867 701108 1006998 668571 1057386 661704 957144 678742 911760 703560 913161 676841 1023507 670806 925410 705348 988362 723192 965130 681963 973470 682016 978933 709101 964872 693385 1053822 723834 1010955 703774 1016406 
689776 1019703 717099 998037 705818 1107654 752578 1038261 738950 1047381 730862 1006419 764573 962874 703151 1066989 712069 1063494 720069 1093521 700327 1136142 693826 979584 722161 1097475 698042 1039248 687816 995253 791961 1093419 687615 993048 702487 941061 709057 972963 695939 1043988 692780 981813 698050 1045875 681709 1005846 703160 969285 687827 1038942 688204 1021506 691529 1054917 717103 1031532 731987 1056966 695450 1016832 688979 984927 703327 950379 693233 1032636 809830 952473 677108 1029099 703120 1049871 683377 955932 713614 1020162 782324 1117059 690213 1000230 706160 1032420 712034 1011078 686234 1021446 734618 991575 725490 957867 721791 1002249 687750 1013430 739863 972123 739188 1108056 686125 1044183 701478 1086108 708061 1044207 682843 1028649 692621 997587 697975 1089258 711155 959106 707830 1076985 712646 945348 704895 1076289 741406 1019169 704721 957636 749099 1156962 686408 1032810 697233 1060575 711710 1092258 739264 1176948 693038 1049529 677486 956622 716027 979845 720858 1001331 686490 976053 734605 1013355 678642 1004907 691528 1050201 689705 1022895 725747 986553 708155 967803 717788 946623 722375 1011066 687714 1051275 693392 995469 704721 970791 701095 986952 702263 967506 712105 954405 665521 1011360 702946 985839 713405 994434 764551 990357 690267 1018884 718305 1077201 693741 966096 688401 1063455 765241 991929 691053 1000866 710428 1125513 715660 1054854 719551 1077765 696623 966072 693620 1045710 
729749 1098435 726399 1077885 724375 1020888 805357 1087830 718667 1052901 727193 1039893 719596 1159791 706249 1058049 724405 958521 723376 1073625 694825 1118016 743933 997800 723785 1011006 755015 1123581 704861 1071921 764179 1026261 750496 987771 727460 946809 712162 1001214 740858 1014372 754362 1025550 701661 983202 730530 1037643 769216 1020948 725316 1000509 799430 1123620 716317 1002399 694759 1026357 705964 1029777 735701 1004766 706205 998871 703906 984135 732374 1138902 791454 992190 715461 1008771 734240 1014963 736119 1059372 727103 1030599 826352 1139103 749237 1020138 706435 1035270 762162 990819 722492 1009359 724583 1025118 717573 932706 707395 984147 787818 1003320 722537 998676 751935 976692 770466 1035594 697739 985296 693409 998757 713486 1043559 726638 1186908 703873 1021104 713653 1048761 709641 1049067 750141 1122585 718952 1095390 767317 1055055 730772 1036233 736710 964167 738740 1024578 718627 1034979 739693 1113117 701779 1010448 767346 1040145 715309 1021836 733147 1141926 726008 1012806 711742 1118043 714907 1080675 735927 1001535 714680 1065306 747100 1022877 719360 1038678 704426 1073286 703101 1090530 727782 1066242 705966 1008867 704949 1007250 732131 1136667 727480 998643 707466 1016550 714010 1001385 738563 993912 706773 995958 730803 1040994 700422 1055808 704833 1110435 725134 1020387 702944 1016985 718988 979932 731268 1003959 718442 1101885 728978 996684 728135 1050876 738732 1048455 732002 990231 704835 1057626 
748613 1049061 742913 991386 778135 953160 721904 1106100 755901 1047231 744125 1035846 741826 1014051 744673 1010295 746546 1142196 731115 1035828 738506 1046433 745178 1075197 736258 1082238 735649 1121079 731007 1191753 755308 1079958 720913 1062768 743333 1052217 807229 1138302 744979 1065648 742171 987789 754768 1070739 737968 1027623 838722 1007910 776474 1061850 724711 1073517 730313 1053978 754376 1068060 773296 1134483 720548 1064277 744973 1159668 724569 1052943 743471 1023597 735996 1034256 752806 1032174 765930 1023000 737383 1116621 750542 1122477 740750 1170393 761662 1011834 729687 1101810 746544 1140594 739543 1025421 720257 1084809 751824 1069404 793699 1166463 736088 1075626 749761 1193220 756872 1080378 746431 1100961 742723 1129065 741879 1143345 740295 1126248 761612 1100427 709458 1031088 712917 1081254 778516 996846 757801 1047390 772338 1075305 713220 1017744 781022 1015338 747785 1040379 768550 1015374 750168 1105221 746155 1003998 722244 1106337 740615 1066491 794301 1010349 784345 1133103 739016 1018131 718615 1038813 729988 1066227 737159 1048794 777758 987156 758736 1139700 769059 1051719 768664 1036437 714036 1063395 730554 1006341 772580 988191 738514 1032243 777987 1195761 747302 1074093 752472 1018827 783159 1059867 757952 1190175 757791 1075020 738479 1067124 725412 1097661 726388 1012971 816303 1065453 748776 1044657 769942 976632 768271 1081575 773489 1150365 763837 1075887 736569 1065930 817552 1075632 726369 1117998 745234 1124709 
768047 1197525 770659 1014324 782460 1168155 796801 1202916 772827 1147611 785646 1082034 747435 1143216 752257 1097214 772936 1082760 781851 1242771 745377 1090305 756525 1123494 819693 1059900 745679 1097760 770331 1033782 740387 1152726 775524 1066098 752998 1048197 779810 1083075 739845 1094436 760652 1021542 775071 1129911 789635 1021602 789530 990234 737506 1032984 748143 1140183 798053 1191795 826244 1146567 742636 1072743 738921 1101867 768053 1171035 766912 1195065 763071 1012566 774645 1166505 764289 1090137 753412 1138971 751936 1059732 758187 1080261 757632 1107630 743670 1166448 738053 1136577 775787 1053561 750603 1039695 766505 1154457 772671 1113315 761621 1224732 750621 1080459 730245 1150584 748441 1055559 779626 1139370 754035 1102083 780406 1056354 772539 1087140 771261 1105476 767339 1081344 773532 1080567 748968 1112352 758167 1031226 825935 1035543 768278 1128570 803225 1132167 760488 1130418 768077 1053654 796014 1197381 803995 1022532 761756 1267680 753017 1070412 757194 1174044 738327 1054185 740076 1074933 772296 1110747 749048 1051218 757409 1016391 770582 1132080 746758 1092399 745323 1203441 775639 1127574 786814 1045443 752365 1069830 764893 1037616 759335 1155963 753150 1149471 760142 1080243 767230 1222704 755452 1043481 778335 1102065 756721 1061712 734323 1079310 799342 1061973 738777 1082448 771629 1217919 741083 1052505 751148 1079127 734187 1112580 781407 1046424 866499 1091277 770707 1201971 802965 1035567 752461 1037226 769834 1131162 
771001 1173345 805865 1051536 756560 1135572 786977 1048452 762731 1105449 757776 1137918 789544 1105350 819140 1045200 777116 1170669 786960 1100379 815878 1155627 756746 1156056 756870 1085037 760578 1129695 772558 1202592 781863 1058928 755393 1148130 753650 1079601 774209 1169244 762780 1181181 783372 1087344 754469 1119756 767069 1137402 815487 1316409 828795 1067097 779093 1174200 791983 1188603 782879 1062978 768142 1109826 808596 1185405 763309 1110828 812294 1011255 792268 1178820 780014 1259802 761373 1061547 770736 1154316 797282 1189791 801882 1113255 773800 1121508 785636 1145160 782591 1161411 775646 1147332 759207 1112907 792957 1111506 748495 1151508 791768 1026264 804810 1044579 836008 1103634 757261 1127253 795216 1262694 764442 1207602 810068 1103592 787767 1149585 778296 1143744 799808 1341678 777268 1147134 790587 1146141 763221 1087116 757189 1111152 776576 1074525 777756 1103916 817306 1068633 762377 1178640 780047 1023477 762062 1094403 806563 1070676 781895 1194333 809324 1127976 836673 1102314 801153 1200648 773395 1058520 767652 1045557 741760 1065177 764708 1151766 795810 1054989 786581 1094853 754916 1206366 778443 1229490 823575 1118406 771128 1125636 758523 1135431 808831 1065723 788401 1180896 776572 1156827 750875 1086567 775193 1190727 833924 1129065 756488 1139841 787336 1161744 791054 1047366 778273 1108611 785609 1065135 767588 1137120 796000 1116636 766652 1075521 775923 1117812 816856 1096896 789090 1026498 743670 1120479 763882 1105683 
782565 1192716 784028 1146282 823610 1093266 792039 1116810 772488 1197963 826497 1138440 857698 1136568 800711 1102662 820391 1164474 801639 1133559 792148 1141179 783800 1112367 818123 1055175 769086 1073304 778138 1211142 762984 1146138 800814 1181622 780950 1221054 822383 1321695 797040 1194984 785867 1172829 809760 1173624 808096 1165227 786975 1127292 805472 1076832 792020 1131516 849778 1083843 815264 1150230 800446 1093530 779093 1151919 796643 1282926 834441 1125993 806282 1133358 781288 1109295 784706 1127205 803996 1164759 828023 1164693 780771 1175613 779740 1109202 782879 1169361 840454 1120521 778543 1145892 804238 1206720 863813 1110612 773301 1200786 788793 1087641 834894 1186950 786068 1127457 783037 1203735 781323 1136625 774446 1209489 808835 1202382 797305 1188864 775367 1117278 797182 1116579 822199 1217034 779899 1136541 803601 1094346 777173 1175961 788781 1135389 810113 1151832 800099 1102686 848262 1099779 762481 1164681 813932 1154181 832845 1166469 792835 1192731 796625 1217256 778496 1156173 776699 1113723 783771 1175865 792955 1160964 800667 1232952 805211 1129629 820263 1104363 774145 1115412 776592 1123542 790091 1224567 769578 1177506 810061 1142970 813761 1256691 784083 1100613 827389 1107054 793083 1194531 794093 1245648 770955 1139328 800094 1135413 824189 1176102 791692 1151739 789163 1157388 793153 1232394 827458 1087653 867664 1181289 818532 1060368 771246 1089495 839581 1215348 782367 1178640 824611 1138542 820872 1208526 871634 1261794 
787996 1196025 823227 1287144 853935 1168878 835523 1218564 827978 1144059 804285 1212318 812176 1219278 805698 1213215 817144 1163103 813802 1194786 833753 1150773 864849 1175499 815631 1316475 807047 1143630 797665 1136730 800400 1193496 799873 1213494 811144 1191822 817842 1252386 808783 1133163 828868 1197459 793088 1178358 818720 1276068 800851 1262376 833100 1259481 823783 1229250 814262 1239834 860408 1244736 823878 1157643 827138 1139082 807236 1086375 788972 1129473 826752 1330242 871849 1087527 818812 1332612 799550 1191441 834637 1168959 778038 1152546 877150 1211778 860910 1194615 812200 1168572 793439 1139214 811214 1146015 801990 1194249 795289 1194924 848238 1181937 824204 1136538 798825 1177923 790934 1128069 800373 1190700 823194 1188846 835920 1263972 845840 1182030 791795 1188471 814105 1235091 829155 1282575 792448 1189131 804498 1194852 831349 1183836 815840 1278456 828927 1202490 809468 1155306 816919 1226682 809453 1250055 821996 1291263 831218 1123479 853295 1242765 797104 1170852 842759 1145151 824023 1183224 808049 1183653 856448 1101042 822248 1115415 805196 1238787 821076 1128390 789720 1231437 808647 1155483 806899 1193865 811374 1172817 796969 1137921 804643 1171410 809282 1182852 816140 1077945 808978 1177869 803024 1144218 826514 1108662 822625 1153500 856673 1239450 798626 1214340 839359 1162476 825267 1299513 824887 1098087 803881 1226772 792748 1183359 824876 1325061 801083 1212882 789700 1167444 821761 1171110 802979 1143210 828534 1159551 
828942 1232823 837127 1291596 860614 1296867 869780 1159665 848347 1243569 825819 1204587 850071 1209393 843617 1179867 888441 1069932 831113 1127640 810557 1218246 815112 1269360 823143 1253241 842486 1231773 853740 1195587 866352 1219593 836041 1275681 842655 1158789 892697 1184931 848938 1311708 821371 1152738 824760 1135185 823669 1255242 822555 1300650 806660 1208052 829905 1317936 818710 1213923 820318 1134858 853280 1142142 826710 1190862 909082 1355130 818895 1185450 839856 1278708 834932 1191252 818918 1186698 831468 1200099 840366 1120464 883558 1293933 836560 1286919 852302 1297581 835676 1115982 851080 1186527 827645 1175304 873648 1245357 829839 1278057 831315 1305531 846683 1155522 830059 1176576 874700 1185333 844652 1123443 832196 1189425 839462 1199292 843051 1289388 872132 1194717 808416 1219692 811215 1260636 865875 1209831 838557 1324773 846640 1315065 828860 1177566 836793 1133118 829646 1270293 846015 1122024 840044 1221849 828758 1259019 837957 1131276 843653 1202715 875215 1142460 843236 1171122 846591 1142487 838243 1248495 836091 1178226 867710 1139820 830958 1320861 812482 1225188 831295 1131432 848291 1153899 840483 1138320 826684 1265109 813711 1205088 806899 1175484 895455 1172961 830355 1279926 810835 1181256 854688 1179102 825064 1173126 802146 1189047 835100 1209114 850812 1188855 868314 1244013 879185 1260129 821699 1117791 831821 1181247 801417 1210662 825028 1171107 880872 1280286 832860 1215282 831315 1133481 837078 1220034 822951 1167357 
851687 1247085 836765 1243701 836090 1185195 833842 1222809 835989 1195404 888971 1226664 850506 1215666 897953 1311921 845474 1271664 844174 1287783 914680 1195062 863201 1275636 828563 1139226 829066 1204938 840855 1175490 847715 1279182 834916 1256256 902445 1206078 894557 1169949 861449 1309167 832283 1206411 816117 1239378 847527 1237659 856362 1203105 844535 1211034 892400 1335975 841428 1262550 877639 1255332 867222 1283040 862094 1151826 849081 1294533 828347 1250799 837886 1191063 846846 1200594 852439 1172049 864601 1128699 841372 1279134 826936 1215228 820515 1230801 901977 1267353 898906 1312134 901682 1230840 839541 1301220 856445 1174002 853917 1263075 846883 1267338 901846 1150077 834060 1244037 852555 1247400 851197 1194639 857082 1206687 836535 1265802 873422 1242333 850007 1178397 835196 1235292 863672 1283475 837976 1222857 839167 1166112 851516 1228977 913131 1133622 849386 1253502 853217 1191444 855494 1315977 842196 1205013 895301 1220010 831400 1174239 896288 1259340 860505 1235184 848232 1247253 877224 1109256 912849 1157865 833156 1304793 965491 1330686 844996 1309491 833448 1136655 857872 1312116 866430 1288446 887567 1332582 837844 1250526 856178 1155597 842690 1204515 857432 1272780 859041 1155159 855568 1218375 838560 1181262 831512 1199163 848549 1362621 848016 1223619 849149 1207731 895648 1306524 839310 1201110 848772 1217142 839949 1328331 848144 1182939 874661 1253163 832883 1269093 843850 1284135 844223 1268421 825497 1251231 869284 1273788 
