13906 8075 13542 8000 13412 8232 13352 8075 12916 8153 14285 8255 13664 7987 13513 8233 12680 8324 13025 8168 14035 8275 12695 8487 13036 8204 12553 8331 12817 8433 13199 8238 12499 8259 13730 8282 14560 8375 13725 8267 14613 8083 13122 8258 13245 8295 13206 8132 13003 8383 12910 8299 13909 8222 14150 7938 13278 8221 13052 8512 13500 8094 12830 7970 12121 8311 13783 8406 13507 8294 13432 7946 12969 8216 12848 8152 13355 8116 13544 8116 13465 8258 12933 8133 12956 8408 13741 8250 13168 8044 13539 8218 13063 8347 12864 8606 13517 8251 13009 8208 12356 8377 13434 8481 12986 8052 13027 8244 13799 8130 12768 8330 13290 8176 13131 8492 13865 8013 12711 8206 12694 8152 13317 8198 14467 8134 14433 8190 13331 8343 12470 8257 13156 8064 13625 8198 13155 8157 14140 8217 13345 8292 13140 8302 13396 8190 13983 8236 13459 8339 13695 8055 12396 8399 13084 8270 14628 8074 13999 8220 12738 8347 13523 8232 13172 8052 13219 8369 12680 8165 13611 8109 14615 8149 13540 8206 14821 8012 14074 8258 13747 8343 13221 8039 12340 8479 13547 8010 12793 8098 14500 8182 12725 8254 13688 8024 14890 8060 13508 8068 
28646 18199 32721 17494 27582 18157 29169 18050 30400 17902 31637 17626 30475 18061 29400 18031 30909 17584 28574 17752 29748 17594 29381 18058 32242 17579 30707 17635 28027 17863 28848 18028 29129 17596 31140 17450 30701 17782 30011 17778 28805 17986 30889 17847 28141 18108 28498 17868 29622 17963 29790 18231 29347 17837 31496 17748 28289 18200 30949 17551 29249 17942 30034 17585 29256 18048 30431 17601 28676 18000 28399 18149 29650 17988 29588 18093 28789 17931 30715 17507 31074 17798 29047 17716 29691 17801 29217 17933 31306 17767 29011 17778 30727 18002 31992 17497 27870 17861 31417 17588 29874 17837 28584 18247 28037 18435 30702 17925 30629 17963 30375 17757 30368 17817 32556 17848 32151 17757 32242 17328 30503 17930 28750 18114 29587 17953 28701 18091 32065 17687 31705 17761 29701 18067 29663 17791 29144 17974 29639 17826 29266 17835 29357 17697 30565 18067 29377 17843 30727 17387 29486 17786 27622 18025 28419 18042 28679 17864 28719 17730 28558 17856 31136 17412 31053 17874 30341 17871 31151 17599 29581 17588 30982 17484 29685 17987 29130 17913 28795 17903 30199 17671 30599 17849 30329 17585 28159 18116 28176 18108 31155 17750 30145 17417 29422 18184 29192 17754 30421 18033 
45188 28010 49823 27928 47394 27974 45896 27884 46429 28050 46208 28066 49581 28026 45900 27871 47274 27924 48095 28409 45664 27981 45600 28002 44883 27823 45837 27957 51381 27785 46747 28352 49807 27806 47842 28093 45406 28623 45273 28191 44115 28451 47098 28034 50114 28081 50792 27963 50085 28080 48745 27669 45202 28417 48626 27972 47556 28289 45777 27934 46301 28086 44101 28463 46385 28183 46482 28226 45406 28408 48458 27854 49150 27958 49698 27974 46766 28012 44852 28103 51892 27408 46920 28228 45863 27877 47440 28195 44946 28624 46227 28482 51060 27511 49678 27920 45461 27976 53743 28039 48579 28319 47218 28307 45320 28161 47100 28081 46412 28398 44189 28256 49203 27943 48445 27768 45607 28173 44977 28201 48093 27688 49855 27883 47046 28096 46091 28066 47738 27743 47698 27543 46855 27985 48426 27904 47145 27814 49452 28167 47715 27821 47036 28278 47461 27400 48356 27629 48727 27646 52194 27972 45339 28052 49452 27544 47612 27875 45940 28121 46826 28082 47879 27644 48288 28288 46910 28011 47740 28337 49887 27799 45574 28394 47398 28176 50309 27493 49565 27824 45875 28390 49603 27573 51992 27607 51450 27669 51542 27892 47881 28048 52165 27628 44785 28584 44367 28120 46702 28192 
64058 38467 63189 38758 66077 38423 63743 38410 64522 38317 67791 38274 63028 38327 66859 37962 72732 38453 62600 38767 62016 38568 64651 38651 67695 38125 64882 38152 66582 38637 67774 38026 64036 38601 65401 38484 67078 38325 64520 38330 69994 37709 64377 38566 63959 38674 68154 37805 64856 38782 66104 38263 63663 38195 66946 38132 62522 39055 67655 38034 63941 39064 65941 38995 65234 38529 67265 38408 66442 38404 66599 38473 66946 38094 66682 38509 64154 38998 64229 38954 65117 38240 64180 38492 64015 38577 64911 38756 68454 38314 67515 38637 63530 38763 66574 38667 63368 38137 64170 38590 64586 39055 65476 38619 59971 39107 63826 38877 77465 37151 66781 38281 64827 38204 66815 38075 65296 38718 62763 38901 65523 38426 69633 38335 66030 38185 65287 38581 68598 38648 62911 38882 70382 37978 68425 38151 70356 38303 65655 38241 64689 38469 66315 38703 62036 38277 67824 38806 66620 38742 66682 37994 65296 38415 71271 38270 69025 38448 64811 38568 67044 38385 65259 38807 61108 39026 65108 37875 72914 38060 67433 38464 67380 38212 62527 38734 70308 38070 64189 38866 67975 38435 64259 38333 64065 38436 63520 38506 65777 39058 65133 38350 64290 38801 63021 39220 63852 38255 68375 37903 
84128 49278 91296 48839 91555 48451 81638 49669 88273 48280 85194 48842 83369 49818 85349 49299 90680 49194 84633 49388 84730 49263 81725 49245 83990 49256 82442 49235 98812 48227 80463 49589 90130 49435 85646 49011 84980 48873 82519 49817 82930 49319 81272 49469 78773 49848 80687 49173 83397 49557 85167 49428 81418 49742 83390 49236 90187 49171 81894 49643 88170 48654 80964 50136 85390 49319 84368 48854 89827 49315 87476 48784 87947 49077 85790 48760 85079 49239 82607 49254 87786 49119 85495 49062 83903 49952 83929 48935 87940 49089 81531 49470 86943 49287 85088 49190 85774 49078 84866 49040 88388 49233 83092 49207 80350 49712 85411 48846 84913 49071 86246 48804 85422 49271 78762 49970 84268 49466 83040 49748 83178 49229 86666 49383 86155 48876 89282 48712 80620 49823 88076 48952 86171 48997 89870 49149 84648 50288 85068 49391 93630 48655 85509 49534 85737 48859 80494 49916 85932 48540 81059 50193 80733 49427 87096 48671 87791 49161 88626 49259 84820 49282 86250 48873 85483 49415 84080 49396 83521 49730 92581 48981 82280 49711 86671 49025 83483 49397 79928 49212 86205 49329 87215 49179 89923 49021 90276 48355 84127 49105 84951 49427 86614 49482 82223 49680 85051 49154 88959 49339 
103104 60143 103251 59882 97078 61088 110338 59012 107380 59929 104659 59988 102953 60521 97921 60369 105006 60008 102660 59990 103572 60650 109922 59911 103650 60265 115018 59174 99627 60833 105842 59787 112422 59342 101385 59446 108393 59725 106403 60464 99271 60500 101226 60445 100488 60443 105513 60160 102695 60744 103041 59192 99682 60384 109772 59720 101767 60295 107874 60826 97085 60739 102623 60693 101313 61006 100526 60600 96225 61076 109389 59635 112645 59660 106218 60403 101516 60169 109764 60367 102445 60504 112115 59793 108682 59812 95533 61497 106540 60082 102560 60927 98368 60884 104433 60295 108737 59653 108942 60144 102916 59893 113060 59212 102381 59798 104750 60127 100504 60646 101806 60379 103009 59708 105054 59833 104747 59946 103096 61366 103698 59635 118494 59230 110628 59352 102180 60919 111018 59115 99841 60934 107054 60445 102093 60322 107006 59870 101945 60329 103528 59784 103122 59416 110531 59462 101618 59964 99605 60772 99126 60208 108855 59646 102396 59599 107057 59986 113341 59693 114566 58803 106834 60406 105063 59839 105621 59975 106751 60416 103330 59606 99985 60631 110319 59296 100706 60300 110478 59227 103649 60325 102712 60798 105352 59870 103518 60276 108780 58886 112446 59210 107328 59672 100415 60502 106138 60427 111016 60294 
128958 71488 131408 70725 124238 71145 125718 70617 117421 72503 120289 71015 125968 71506 121216 70986 121773 71860 130846 70913 117111 71381 128122 70818 123869 71587 125017 71103 123867 71291 128159 72126 125430 70948 121926 71545 127705 70671 131078 70205 135163 69908 120143 70670 127035 71160 121874 71451 118730 71466 122740 71853 126261 71478 122353 71576 124482 70601 128829 71875 124003 71347 126782 71367 118817 72336 121042 72121 121752 71579 118428 71389 130672 71061 125650 71784 125405 70645 122548 71361 120141 71135 129371 71174 123988 71855 122309 71401 129011 70398 126077 70976 113971 72037 126997 71125 125315 71274 121773 70628 126764 70943 121896 71601 125076 70808 123139 71042 123241 71509 138227 70514 124933 71101 122198 71400 129116 70400 119729 71475 131372 70854 126552 71395 128901 71021 125207 71236 140252 71205 131649 70611 126682 71145 121570 71836 121987 71225 119987 71647 118811 71863 118968 71279 117851 71842 130238 70383 121743 71247 125898 71229 121777 71281 132299 70268 119090 71783 123931 70983 131916 71410 126401 71213 131609 70699 125853 70826 120566 71149 121438 71154 120192 72407 122070 70821 129580 70594 124696 71084 129928 70584 128457 71105 119942 71736 128095 70775 122490 71570 120293 71728 122358 70436 129556 71391 116250 72054 135216 69665 
138563 82048 153783 80520 136513 83822 146676 82218 139741 82583 148930 81681 149236 83179 150189 82405 136401 83921 142442 83216 148026 81467 143120 82717 145301 82373 139569 82243 139934 82866 154192 81823 146386 82109 145646 82825 140351 82677 145559 82259 143320 82660 156932 81244 139497 83336 142460 82940 153071 81958 145370 82211 146166 82719 153084 81702 147180 82345 141233 82940 146170 82745 144272 82541 148788 82759 143609 82733 142622 82451 142022 83415 147857 82256 146365 82159 140749 82169 138898 82436 142515 82389 144826 82475 144885 81770 144979 81493 154751 80925 147744 82118 146843 81409 140373 83580 141552 82596 145041 82154 141161 82585 146729 81810 152678 81733 152798 81385 144045 82446 140915 82791 159408 82075 138889 82630 143591 82500 137243 82505 145025 82521 139211 81882 142399 82813 142809 82024 142620 83193 138386 83574 141064 83343 142904 82858 144356 82732 144218 82472 144820 82528 154201 82207 144685 82956 147960 81243 151504 81960 142673 82711 144027 82800 143768 82419 148996 82147 140300 82328 142930 82546 143986 81806 135007 83772 143958 82278 141937 82123 149529 81554 139511 82961 149531 81672 149156 81229 137079 83544 141369 83389 137509 82629 146051 82896 143292 82327 149160 82309 139116 83342 147217 81419 146216 82715 142059 82543 144071 82135 
173694 92321 164134 94757 158940 93189 174472 93464 172248 94217 167203 94868 160879 94446 163786 94708 173206 93212 158407 94380 171426 92328 160525 94233 164176 93739 165785 93232 169964 92787 160775 94124 158750 93636 178216 92931 173761 93867 162722 93860 153486 94582 159688 93872 171283 93564 157594 94576 167273 94234 161831 94433 165911 93275 167090 92952 164111 93736 165314 94049 160164 95579 157602 94344 167624 93337 161943 93936 167501 94503 166833 93497 167083 93304 168293 93069 159526 94555 170533 93465 162163 93901 159590 94424 162176 94146 175057 93766 157460 94660 162705 94614 178766 93138 156263 94929 171176 92950 166164 93086 159976 93944 171090 93603 163047 94110 180127 92135 164690 94627 179228 93401 171051 93499 174904 93228 168318 93878 157486 94581 170459 93826 161563 93914 169822 93316 164893 94107 170297 93560 163329 93296 176278 93390 161467 93873 157678 93810 161746 93792 172916 93562 173178 93469 159445 94733 163941 93528 161682 94665 164777 93437 167330 93110 166572 93641 167275 93381 172688 93679 162617 94509 185621 92287 178564 92596 166001 93535 162768 93343 159753 94511 160482 93397 161498 94439 166979 93832 178807 93250 160220 94697 160630 94200 159586 93704 166597 93808 167228 94567 156330 95367 164616 93803 165082 94261 162630 94672 169066 92979 
184568 105855 177617 107073 201992 103947 186812 105630 185644 105467 187355 104978 182075 104868 184114 106560 184714 106039 186966 104612 182101 106461 179605 105863 198540 104076 195955 105342 183740 105984 181627 105139 186649 104629 188739 105412 178277 106127 193665 104920 188921 104115 191195 104309 182116 106237 193436 104927 186896 105055 178044 106696 190214 105331 180363 106622 181249 105501 198365 104177 178158 105910 201257 104198 196780 104470 173349 106148 179846 106096 181749 105656 194400 103984 183078 105642 182972 103996 186601 104939 190876 105386 192004 104632 185935 103618 191611 105438 186883 103859 187127 105388 194480 104705 181011 106339 180450 105653 180287 106145 178389 105067 195306 105130 185340 105202 181417 105114 187288 104909 193598 104357 184181 104545 195633 104343 180657 106423 180492 105280 189764 105126 178244 106657 181018 105482 185623 103932 190856 105167 194947 104913 197364 104267 181579 105359 192322 105305 183237 105794 189892 104938 196284 104542 177049 106185 190235 105373 192593 104546 182961 104650 182835 106447 188813 104044 185022 106250 189756 104952 185832 106031 183051 105613 178698 105150 199085 103122 194410 104979 178625 105937 187968 105101 189315 104081 192299 104890 190837 105154 190217 104691 179827 105634 179159 106598 179803 106379 195881 104306 183085 105070 191671 104859 184437 105629 183385 105254 178193 105942 
203466 117767 222418 114452 213457 116284 204457 116648 220673 116015 202302 116821 201795 117328 200633 116892 207833 117835 199602 117171 204931 116608 220988 114744 213431 117296 212901 116848 221439 115784 210492 115438 202157 118063 215505 115346 203380 116532 209357 117389 203907 117647 229222 114278 207830 116678 202463 116927 196889 118278 200257 117571 193639 118353 212717 116556 201221 117591 204596 117246 207062 117866 204416 117145 204021 118168 208509 116411 204569 117251 204450 117166 203841 116745 203247 117624 207037 116795 195741 118466 201544 117212 207590 116663 207147 118200 210828 117418 213638 116969 210699 116770 204499 117276 206777 117004 199424 117915 214480 116448 196426 118522 209352 117426 223590 115296 213431 115819 225493 114785 201231 117732 215789 115409 225031 116028 204082 116544 204488 115987 210962 116469 203777 117096 198737 118121 226313 115683 212291 115846 212459 116207 201012 117181 202516 117813 199228 117998 216480 115879 233325 114520 203712 116955 206204 116215 227856 116532 207959 116907 204579 117363 202806 117969 209575 115862 206212 117609 202106 117181 202867 116199 230677 114008 196930 118115 201098 117088 202915 117186 203874 116980 216303 115752 204067 118558 208576 116522 213288 116570 210743 115951 205669 117131 209213 116176 207806 117042 206317 116681 205983 117680 201998 116778 209163 116077 194243 117260 223862 116058 
251844 126397 229542 128571 217844 130459 225113 128863 238287 126525 243178 127699 238475 127811 227520 129666 236115 126675 215168 129025 236713 127176 240543 128285 222421 128897 241672 127334 220926 129008 219399 129030 225632 129384 234332 128371 213259 129499 217714 129367 227209 128724 231723 127795 222957 128963 220541 129045 221237 129304 240854 129031 236030 127798 222253 129846 232597 127660 230067 128526 241469 128324 219052 129347 226171 129517 225435 129408 221448 128465 220847 129160 218122 129232 219083 130427 232032 127872 226477 128541 258511 126872 247158 126547 232410 128396 224572 128510 239640 128259 227212 129430 223048 129116 221599 130286 223682 128570 224771 128458 225877 127654 220571 129879 220055 129612 219406 128329 216167 130064 219090 129159 239379 127224 216939 129369 232494 128091 217901 129010 229605 128848 227364 128203 232969 128096 230441 128197 239366 126548 239102 126954 229629 128417 227659 128533 228775 129076 229793 128484 227396 127847 226745 128268 218395 129354 245577 127552 245748 126838 232752 127848 235930 128726 228558 127346 235203 127731 225734 127734 227975 129084 229798 128037 227547 129133 228056 128549 227832 128435 225908 128954 252140 126440 229039 128018 237893 128244 225997 128524 235291 127872 229266 126778 233560 126694 227623 127876 233161 127979 232859 128934 224900 128994 243573 127705 221542 129463 242026 127587 
254324 139613 242204 140770 241456 141336 252289 141091 264223 140064 241952 140819 257153 138847 246385 139626 251632 138827 245154 141340 250653 140703 247664 139539 252894 139727 262837 139719 259989 140264 254153 140579 245883 139433 249128 140283 245357 141295 245341 140033 274282 139391 256896 140084 238086 141171 256127 140590 256183 139022 260349 139089 248498 141492 237157 140444 252923 140000 242511 141097 239487 141487 244923 141147 256571 139943 249194 140577 242592 140451 243466 140993 246684 141228 245553 141264 257944 140009 247499 141124 243127 140213 256374 138617 245813 139520 250589 140592 257888 139342 251210 140521 247964 140278 238924 140968 268524 137748 255173 139442 256000 139722 250617 141385 255615 139526 257603 138785 268636 139457 244443 141081 247745 141743 261432 139102 252382 139805 235464 141742 256830 139224 238686 141953 243762 140815 240657 141434 262579 140772 250159 140022 256146 140482 259195 139673 243907 140502 244555 141137 246122 141714 253825 139763 247442 140361 240538 141726 267859 140393 248955 140141 247480 140497 244500 139790 252539 140141 254356 141026 243796 140223 254877 139002 251756 139979 246795 141083 271476 139861 243753 141515 240881 141334 251725 139894 243745 140221 252944 138988 248395 140900 241464 140892 258972 140020 238772 140079 246404 141286 243425 141536 254318 138680 247606 140783 237436 141266 257515 138905 
274199 152201 268884 151787 252521 153154 261947 153167 269819 151238 294038 149959 297362 149548 266412 152247 270359 151719 265370 153532 279103 152146 266593 151339 254591 153428 254133 154298 261332 153055 273264 151794 280944 150569 292462 148905 265777 151974 277281 151431 259854 153307 268185 153393 292019 149455 265335 152390 266174 151808 260930 152610 292278 151009 274605 150738 261075 153532 256980 152320 273859 152125 275487 151894 265571 152083 263329 152838 276468 150726 273604 150535 278072 151202 279539 152995 275040 151025 258710 152986 264785 152664 269392 152493 272281 152550 264272 152312 263182 151157 278200 151575 285861 151976 277061 151695 285550 151187 254836 153232 272288 152403 266686 153145 255286 155188 290428 149350 272241 152555 271953 152821 295821 151247 275466 150279 259755 152626 276200 150754 254902 154844 269122 152222 268677 153890 266545 152187 261913 152387 270595 152384 284984 151694 264005 151765 263741 153292 277219 151111 300671 150095 271812 151531 264013 153233 270330 152428 263204 152970 279732 150354 262513 153111 272466 151841 260773 153184 272238 151403 254143 154446 256990 154948 285373 150043 270291 152316 270997 152138 269385 153045 269926 151976 278335 151614 275555 153127 266655 153196 264980 152561 263330 153226 273490 151054 276976 151297 264628 153973 268284 151870 266695 151809 293447 150036 266868 152646 261134 152608 
306188 164208 304835 163795 288994 163966 299243 164630 306157 163358 279167 164981 301838 163712 281288 164140 282291 165705 292701 162832 293464 162873 293872 162611 302526 163048 307097 162435 287527 163742 286166 164546 302322 163858 305132 162813 281319 165249 306627 162001 319051 162223 290161 164253 299438 164379 296540 162307 287123 164815 293250 164998 281844 165014 309219 162600 294317 162772 296539 163434 280286 164921 294968 162343 282135 164893 314752 163345 304455 161668 295812 163594 289405 163053 298563 163632 298878 162500 292413 163225 288964 165053 283583 164669 290915 163558 318969 161261 313117 161668 286869 164250 305853 162185 291092 163880 312776 162279 300181 164764 281299 164321 287855 163933 301555 162306 293329 165051 295183 163519 280545 165642 295034 164015 293574 164181 326557 160686 291806 164345 301916 163521 277088 165719 297514 163851 291610 164490 275555 165637 292366 164217 307430 163258 298299 162819 282801 166017 291588 163325 285924 164531 294271 163898 301252 161727 292680 165066 293199 164336 285784 165140 291841 162791 309282 161082 289920 164289 294910 164594 303076 162505 287855 164544 333176 161215 297325 164595 304583 163047 293230 163719 310420 162513 291153 165215 307264 161387 289586 165496 290780 163332 292856 164971 312373 162418 294290 164111 299131 162630 312431 161235 290319 165808 287914 164765 291250 162694 298074 163413 
309936 176456 310202 177592 326837 174467 314165 177374 309222 175811 340809 172691 318018 174642 304259 177431 316525 176631 308467 176678 301826 176610 311954 178009 307464 177476 322518 174710 316363 174592 309705 176642 312609 176107 306670 177670 323907 175774 313681 175464 309761 175790 305889 177085 321982 175290 305104 177323 322161 175388 319184 175532 311081 176662 323191 174908 339726 173918 315491 176009 311248 178388 309826 176068 306608 177474 315385 177292 326422 176574 313760 176375 309645 176749 312048 176979 327550 174996 308979 178029 302953 177811 312000 176866 298961 176951 319659 175318 305910 177581 311032 176518 302058 176771 297913 177379 306259 176916 315535 176264 323402 176730 330042 173516 336642 175272 304693 176617 324697 174361 315714 175543 314200 174523 314518 173281 324690 174065 314013 175372 300333 177534 301697 177074 313783 175341 292740 177106 320836 174718 325977 175008 317858 176175 318290 176485 326902 173474 318648 174345 317668 174845 312512 175163 319471 176188 317517 176185 304405 178744 313106 175701 326202 174737 312319 176874 306926 177413 321034 175127 312537 176588 318649 174352 307890 177575 312550 176523 318453 176470 323136 175173 306970 176073 325041 174537 322318 174872 317016 176579 326780 175134 300860 177379 305592 176706 322355 175089 314687 175032 302157 176591 309457 176205 316954 178069 302015 177194 318000 175480 
340107 186777 345243 187826 351150 186579 342934 186872 343418 186628 322589 189257 337934 188309 355160 186154 336371 189363 356371 185692 331115 187442 325593 189908 330160 188217 349988 187908 316824 189223 327723 189170 334948 188051 358144 185482 341970 185916 324374 189567 324436 189867 331187 188419 345304 188614 340187 188516 322193 190259 363742 186246 319144 189667 342819 187892 331525 189114 339033 187477 347900 188254 327702 188167 367683 187638 343612 187058 336217 188083 321420 189879 353050 187292 321160 188659 334367 187617 317487 189217 366573 185160 328472 188688 326146 188135 352616 188313 345667 186028 340966 186916 329186 188818 341386 187940 333817 188421 343590 187935 343981 187153 333039 188127 341930 188482 339659 188076 335933 189120 344876 185591 334112 187610 332923 188417 330048 188096 332887 188970 328413 189774 344399 186668 316234 189509 331970 187352 324129 187954 334879 188137 334080 189368 337514 188291 354038 185216 327997 189761 342595 188016 329752 190550 339047 188033 343680 187758 340073 187440 331975 188550 320309 189162 357585 186027 364681 186501 333863 187324 332537 188555 342476 187313 356025 186912 332083 189391 342389 188022 314647 189653 339928 186878 332679 188087 322684 189245 354741 186128 356364 184295 330603 187879 324149 188986 336688 187767 358672 185725 341881 187493 313364 190396 329048 188876 369742 185864 327265 190069 
358934 199910 380562 199879 358781 200895 371229 201009 371267 197698 358877 200178 361548 201318 370436 199831 355529 201431 364165 200265 363886 200578 359688 199305 353526 198910 355283 200160 366472 201133 381304 198593 361929 200198 371701 200099 378178 198639 363556 200135 355327 200462 369218 199130 353041 201260 356254 199961 360314 200763 363563 200565 360383 201453 367853 200485 347503 200862 361168 200229 368012 200004 356141 198650 362337 198563 358042 199477 369960 198511 354646 200674 352996 200835 362815 200069 385774 197772 353684 201055 356452 201356 346266 201562 347326 200536 373419 198378 377070 198457 352596 202633 356460 199389 355397 200456 361911 199765 358794 200023 382622 199584 361185 200628 353139 200996 345396 200787 357799 200429 383229 197707 350903 200677 355922 200382 336948 202346 371524 197209 352999 201852 355607 200819 362294 199951 381163 198915 342982 201086 358139 199554 349104 200893 341466 200830 363812 201306 348156 201293 366545 199616 377171 199878 369295 200558 354813 200563 364367 200245 347847 200031 345370 201267 379673 198173 365049 200397 372450 198008 358312 199432 365593 199469 358929 200014 362431 199864 353228 200555 357515 201457 356590 199865 370325 198950 347097 201069 390763 198204 350532 199877 349774 200474 380619 201265 345632 200731 349560 200743 369275 196738 348787 200220 381741 199288 364509 198514 365173 198926 
406400 209568 364788 214174 450385 208123 391884 211670 400321 212513 392726 210282 381747 210370 380110 211249 423212 209706 364985 215510 382383 211578 373559 211557 385104 213771 390325 211561 368539 213194 377280 213257 395177 210766 393900 210586 371439 212839 373020 213883 415640 208536 402375 209379 380442 211195 381285 212136 385655 212157 380902 212468 373722 212296 359916 214709 382488 211118 373119 213052 386109 211883 377960 212883 386116 211866 372441 212492 410856 209880 381687 212953 371951 213224 385805 210751 393190 211167 388703 211202 375454 212220 388810 209876 371860 213243 360529 212805 371895 213961 385299 211243 395862 209327 384317 211898 373761 212118 371650 213358 398004 209111 384467 212331 372191 213508 382198 213329 376709 213514 364206 215271 381951 212256 395755 209639 365164 214912 375424 215361 380335 213877 384402 210636 397544 209726 373900 212858 366115 213716 375456 213350 378279 210867 394371 211816 381131 212264 392796 210233 356152 214616 371412 213606 361109 215287 374214 212874 394445 210636 374697 213755 382699 213187 379714 212076 391117 212255 365210 214230 379032 211839 382347 212329 376506 213434 374820 211569 376610 212564 384169 211800 397383 209764 377008 211760 395694 209340 395281 211399 365615 212095 382081 211420 391916 212001 407953 210241 385515 211094 372889 213941 401229 210119 382291 209936 371422 213203 388302 211231 
390968 223173 398812 225334 389601 225996 403641 223805 405857 225193 416863 223219 391580 225651 395780 225219 404622 225142 415819 223350 393540 225883 407631 224702 394177 224875 413392 223312 402111 225454 410307 222613 420318 222284 396795 226085 419668 223122 396281 225627 403591 225349 389625 223731 413267 222860 464069 218444 408000 225437 390876 226320 394437 226762 407578 226468 390391 225906 389888 225513 405252 224129 395529 225042 404923 225691 422285 221667 427473 221347 402161 225168 401591 225214 444096 221302 401893 225190 416226 225246 415789 222396 398581 226604 441543 222556 394109 225188 389137 226813 409977 223435 394280 225217 392104 225158 419440 221570 424530 222553 417677 224436 397215 225469 405256 224285 432342 221398 401896 223824 399222 225597 414350 225405 416542 223247 407811 221978 399904 225691 394524 225942 418061 222978 402773 225971 418190 221873 388294 227561 396917 225922 411859 222713 407412 225374 414511 224013 402430 226344 441828 222997 402989 223726 432606 221219 407532 224897 395484 225334 384563 226115 389681 226043 402805 225127 390573 224041 404513 223729 409517 223315 414315 223725 399496 222561 394942 224395 389309 226644 407276 223970 456947 220099 415954 224117 396506 224961 422685 222520 407345 223142 403357 224935 392827 225463 395487 225410 402528 223220 387868 225712 404485 223979 393123 226620 409652 222231 421231 222452 
415589 238760 465729 232922 424285 236396 422405 237457 417323 237186 454872 234328 416081 237465 416379 239028 430735 237920 433371 237556 418236 234955 434268 236095 448460 238077 418946 237342 418864 235985 436120 237234 422612 235043 440986 234160 427430 235147 430524 235786 417407 237842 428417 235469 422111 237074 427523 235587 436292 234203 421801 236314 405499 238562 422599 236992 443693 233811 443791 233586 420446 234803 400602 237500 475580 232814 430181 235855 418916 236684 421675 236718 411606 237914 423664 236809 421873 237462 432456 238346 444122 238221 439827 236540 426307 237133 397802 240522 440366 235768 418682 236265 430854 234376 410142 239279 430535 235770 428536 237291 417386 237688 426861 237422 403815 238612 401337 238983 406918 239452 401681 238167 404510 238186 454684 235518 427725 235950 439138 236444 427603 235565 411306 238266 413465 236869 419543 237578 477213 234070 439504 236493 416516 234622 413343 239144 411410 238264 411372 237263 441777 233915 425258 236891 419446 235915 422683 237488 446995 234468 437437 237335 421947 237097 429365 237692 429807 233814 428268 237072 413074 240016 422925 235539 419554 237715 439375 238168 427275 236307 424725 235932 419327 238511 413539 236032 421047 237040 449331 235175 401119 238259 420556 237396 454672 234415 411816 238331 427127 235757 414552 237775 441675 233644 407201 240673 408479 238279 437024 237165 
497464 245241 460127 247771 485252 247118 448360 249969 431376 252380 464428 247328 446215 248275 448095 248667 447632 248494 495553 244589 455002 248806 442470 249119 467318 249218 464223 247776 471637 247589 483277 245779 447235 247816 445579 249900 447435 248740 442719 249523 441679 249542 451965 249505 454658 249424 450306 249555 468026 246239 445925 247648 450331 246833 468860 248084 464506 246552 476136 248548 452364 250609 449713 247643 446604 247733 466092 248286 456658 249012 466941 246338 432012 248670 436529 250287 466893 247122 448525 248043 444505 248301 441161 248707 470891 246749 435095 251214 482664 245776 452576 249416 487367 246912 491012 243221 462180 247032 469716 250469 456153 247309 423079 252074 440068 250078 417085 252441 443792 250632 442353 250319 472604 247645 457164 247282 448482 249449 463515 248943 424668 249283 445786 250999 458229 248599 455139 248047 442801 247965 448774 247800 444129 251301 431696 251779 440347 250355 474142 246592 443163 249957 415045 253197 423946 251676 471253 247077 460935 248964 448670 249169 445006 249811 460457 248024 460642 248893 456252 248950 449847 248813 439093 250366 451696 250395 437843 250578 449405 247552 433427 251178 452434 250035 482500 246125 432006 251464 461404 246796 446835 248325 459711 246181 438490 249900 428814 250781 443119 248761 450058 248744 439560 249764 468899 250153 431766 251134 448596 248967 
468554 262213 464813 261467 471912 260297 452042 263963 456584 262571 456123 263774 459989 262713 482980 260752 442296 265960 471009 261644 476224 260049 467722 261050 443752 262603 468651 263125 468812 259828 458915 263819 460641 262840 463213 262573 465884 260910 470971 262201 456006 262003 481651 257786 457767 261312 470949 260041 457622 262147 457622 261963 456096 264006 459421 262350 470512 261221 472622 261243 454185 262770 489657 258879 463528 261816 500607 259732 457301 261961 488230 258446 471683 261883 471531 262566 449932 263626 443599 263968 473070 260684 480228 260979 460338 261628 462985 261720 470842 258417 467733 260647 450049 264546 449193 263361 477958 261062 482970 258153 462427 261530 459575 263795 452022 263802 451250 264923 489382 260193 504444 259190 470946 261247 479982 261075 495683 260197 464184 263739 477826 260622 464247 261795 464255 261533 456938 262953 455785 261970 468886 261373 457424 261543 481892 260932 483237 261335 465820 261847 481979 259888 496309 259385 493979 261586 477146 260028 463597 260907 486232 260548 477384 261448 468695 262331 492478 258754 486530 260739 471825 259805 441023 262899 473136 261464 459559 262739 462873 263178 480173 260776 494278 260838 475246 261340 477091 262872 447440 261989 472066 260359 477079 262371 504011 257763 481718 260487 465473 260431 473604 262358 459936 263009 470901 260224 472608 262360 483492 259998 
491467 272829 506051 273300 517130 271746 498785 270086 496280 275332 477829 274629 519914 272924 483649 276501 497638 274372 475835 275151 519875 270990 505243 271813 512522 274668 482212 275607 483290 274907 486582 273709 491338 272336 499760 273478 491256 274652 521258 272217 498614 272897 496444 273953 517021 270558 482215 276735 478270 277549 494432 274873 495244 276423 491677 274719 547879 272391 475069 275672 515087 270041 495624 272668 491339 273794 503198 272996 497850 273673 497679 274166 515311 272640 492172 272351 508085 271477 528418 273116 470560 275509 495268 274284 507984 272508 495633 274295 493175 275502 494669 274130 489309 274186 523691 270271 488031 275782 515529 274421 488726 272917 510221 272935 477234 277153 475203 275618 479331 275255 483308 273740 490597 274005 482043 274094 480768 273987 524188 270907 476163 277225 480348 274407 467781 275745 477713 274077 492629 272758 504383 272006 489728 274959 495829 273641 484037 275411 492871 273253 482626 274130 508260 273140 523297 270644 476652 275442 501411 273790 493942 273447 507482 270118 487647 274651 500227 273193 511118 271430 476846 273704 482279 274688 482652 276170 489853 274492 500937 274406 489302 274323 479352 274545 485777 273452 484996 274851 519389 272539 519580 271753 523622 271417 494746 271239 504405 274523 498287 272153 524620 270727 520313 272362 476263 273773 477729 274504 497263 272708 
497404 287460 556891 286199 495424 288643 513093 286273 533805 284052 505786 286915 505996 287516 531453 285310 519294 286209 508018 288031 493486 288419 501744 287902 503323 287498 519283 285347 534961 286900 509652 286990 527177 282980 504511 288588 526075 288125 504478 287594 543833 282601 516671 286916 539579 285154 555171 282056 548643 284318 510183 287061 492577 289465 520783 286624 552107 284262 518381 286164 518099 287231 499359 287984 494963 289028 491273 287724 538019 284431 547046 281524 510534 286523 510886 286427 507616 289093 528982 285998 524449 285664 512849 287997 547945 283466 491712 288289 505170 285868 503901 285628 539032 286436 522360 283963 533826 284532 541250 282211 550168 279282 515094 287991 525710 287072 499171 287805 523919 287285 517044 286093 524806 285506 512216 286527 540419 285006 526438 284392 515970 287977 549148 285001 516081 286222 561949 281686 511208 285333 510496 286080 506906 286767 543016 284793 516830 286145 518739 284249 526853 285054 522687 285814 517000 286226 534177 284644 500351 288041 527774 285573 531442 286425 508636 288506 532718 282877 498412 288159 528476 285190 545156 282996 512879 284521 535596 285014 528433 285617 521903 287216 516995 285870 546145 282806 498703 286843 537880 286224 518847 285248 534243 285472 502738 287093 518500 286369 513999 285209 508116 288001 571244 279647 499961 287872 513813 286231 521811 286584 
528231 301778 552208 298809 565432 295213 553691 296872 569401 293310 518496 301777 543607 297923 551400 296524 555119 296579 527451 298792 562159 296874 560497 297223 562733 298293 548032 297341 566610 296136 518853 300436 555230 295825 552106 296833 542838 299304 528864 298517 544461 297400 544493 297419 560414 292198 525005 299973 518694 302132 538181 300080 550300 297806 528776 300439 534910 300542 534649 298993 551719 297460 520417 299854 568100 297472 519400 299152 560166 296323 589829 293964 556633 297070 532140 298377 525477 296832 544546 298900 557912 297049 530305 299895 608221 297041 544140 299005 539097 297923 558791 296550 560835 296187 535708 299511 536341 298439 575754 298846 548238 295557 544792 298711 555506 297214 553463 298327 537875 299208 550436 298309 536086 298652 534602 297837 526398 298449 531335 297821 535297 300200 537091 296875 540625 296340 537336 300601 558169 297693 543822 298694 508860 301776 545356 297214 531114 298993 547475 297906 532300 297780 532975 299009 522966 300844 568516 294228 531494 298320 528286 300612 550079 300287 519180 297848 522877 299663 569117 296924 533722 299513 528800 297632 537797 297486 571134 294226 549241 298144 527638 299717 569934 295855 528558 299288 553919 293728 551005 297804 553466 297361 570113 294935 590613 293569 516128 300220 540015 297633 557453 296200 532342 298872 560793 297598 532752 298156 522017 300677 
551680 312573 565393 309895 586639 310248 542819 312728 545406 313442 550076 311781 554180 312793 584883 310707 543353 312947 581852 307120 545528 314035 582643 310371 578977 314043 545825 311772 581501 308488 566906 309294 561856 310655 596999 309373 583065 309640 552309 311687 535370 315073 567227 309773 560193 309402 541847 311363 550572 313451 566644 310735 540060 313192 586752 309213 543739 310607 560251 312048 553247 311525 541345 313078 563382 309338 563174 310868 541210 314260 558965 311207 575997 310127 562620 309845 565212 309774 570130 309348 585587 308541 576089 308158 576351 309214 544280 313727 564188 310150 560188 311338 552345 313865 560676 311435 541333 313398 564311 309677 596624 310234 566748 310800 597435 309088 579521 308749 555782 312775 597249 305924 547123 312208 545992 313926 558725 312245 563944 308162 546216 312893 562072 309688 555557 312947 552868 312330 563657 312364 568684 309149 542994 313408 561857 311968 552605 313084 544785 314274 607938 307207 564256 312127 625760 306652 586853 309925 563304 311731 552136 312191 532212 312712 571293 310125 613865 305898 548576 313315 531853 314045 532068 315169 548681 313516 556300 311849 615219 308349 566571 310225 556902 312852 543666 310942 594189 307332 536086 314249 559672 311391 564047 311325 559693 312422 529705 314461 611005 306279 551226 310957 598520 310686 566797 311932 559747 310705 542230 311890 
604157 321690 602577 323256 582814 326125 585144 322192 594203 322442 609098 322596 554692 326877 598420 322092 566374 324516 604286 323219 567243 324564 585855 322935 575796 322688 602232 322077 580476 325207 611794 321974 569072 326680 559599 325679 569021 324423 594262 322059 636517 319301 581387 322654 590803 324660 589500 321353 569331 324788 574574 324575 618556 318942 591596 324947 565843 326083 609786 319108 694042 314486 558611 324913 580493 327446 615140 320190 578517 322602 594262 322164 593979 322978 586828 324998 567199 325184 594261 319377 602803 323397 575728 325305 581967 323623 584197 323691 567720 326258 588661 325459 577047 323994 573095 323950 605098 321194 629854 319128 596812 324781 589090 324520 579297 324526 582034 324704 589618 322499 604166 319827 564127 325527 602487 322520 601081 321954 563898 326132 565641 325440 589795 321520 632850 319579 587058 323724 568641 325943 606834 322321 600945 322134 578768 323723 583846 323706 560816 327382 552028 327170 575167 324819 562254 325840 606161 320466 577329 325117 569825 325835 575638 324255 564224 325698 588361 324151 611475 320122 575444 323101 612505 322250 639684 319747 592712 324418 555979 328320 619680 323925 600463 323181 578246 324565 592274 323750 567309 325360 572236 324081 599111 321003 569286 323679 577188 323928 599608 323985 601658 323501 604484 322352 583113 322779 571846 323654 570510 326938 
614076 334284 624629 334582 605816 339519 632519 333709 609166 337470 594564 336978 619588 334561 605567 337905 591475 337858 592395 337391 607973 337187 605754 337339 626098 336136 614307 334383 576472 338859 615054 336368 618404 335502 593911 338118 577264 341956 602471 337358 608667 339352 629629 336529 611359 336373 625074 334671 604635 333734 622412 334241 592674 340535 617333 333285 623135 332203 627613 333963 625269 334981 613441 334821 603409 336824 615693 336385 604138 334528 603182 336353 681654 335611 584774 336700 580502 337199 618503 335605 631081 333355 630056 332286 640046 332813 588197 338859 654523 328988 589724 338675 624373 335963 612902 336628 610004 336527 605733 337143 623209 336947 627821 335274 606042 335393 640649 332035 639444 335281 650889 331880 601607 336135 586332 337445 591698 337300 600388 339788 620084 336519 611428 335415 582491 341297 604924 337056 593274 339263 621565 334622 635998 335355 630836 333379 643178 332892 655089 331831 596656 338385 599262 337376 616975 333718 595343 337390 616411 335352 606850 336669 588838 338703 602624 337702 625761 335483 608111 337851 579221 338407 604679 338028 639907 336086 624543 337050 633767 336108 603546 336313 592249 338785 603824 335665 617001 337656 620711 335172 667028 332911 603529 334810 652750 332608 586583 338294 597972 337056 605062 338837 593054 339775 638104 330680 589583 337884 610861 336310 
621045 351185 651030 343340 605380 350408 632517 347630 682166 344339 611256 349997 609822 349057 647039 348073 618637 351888 643843 347141 628850 349105 613953 351543 711783 343066 640120 346458 668538 346153 647771 345179 635922 351141 622177 351796 616704 350632 627785 352245 653393 349325 659761 348140 659024 348073 637101 346668 639580 347828 615218 351649 622086 350686 646732 347200 626481 347893 632922 347231 602707 351083 624539 351608 620189 349439 626353 350344 609181 351692 633095 349724 617434 348320 623392 348962 622686 348912 606955 351636 602377 351322 636158 350494 629927 350056 681715 344915 652916 349356 626265 348540 612037 351795 621074 351906 667115 343558 643941 348907 640480 348920 613342 352111 659122 345554 634141 345934 600202 351667 645365 347216 649543 344906 625679 349880 656584 348289 624150 348808 633811 345161 653227 341886 604600 352702 623621 349414 661684 347058 650468 347003 658300 345528 616353 347948 683337 340889 609137 349046 652462 345557 653610 347211 641953 348070 633074 347573 645274 348253 619578 349703 623169 351010 628269 350977 645100 345745 649978 346298 617149 350371 638826 346579 621234 350425 595801 352194 618472 349581 643741 346344 659125 345970 628693 349212 626132 348162 633966 349380 660073 347912 647307 346722 657112 348074 620360 348986 601797 351934 632233 350264 660019 344465 615553 350812 620131 350437 621903 349261 
644349 363146 668973 362157 681624 360435 692442 356544 639628 360789 629687 364630 630384 363031 668820 359269 658319 362529 675885 361299 742915 352491 639056 362001 663098 359559 629266 364777 673699 358907 664809 359223 703593 355598 666050 360553 667094 361815 679149 358924 645908 363074 686631 358653 653142 362481 646014 361163 659251 361278 648328 362837 661600 362992 675655 361608 662804 362527 657781 361021 691015 360656 672061 359863 661445 363112 626572 363303 690829 359674 656774 363082 663122 358318 639663 362410 678920 360184 699957 358774 666904 361727 682035 358274 634283 363754 638409 364534 640241 361367 704091 360541 663861 358995 634205 364174 664275 362112 734611 357213 674774 360315 625552 364283 658185 359156 643491 361224 655200 362235 659611 358825 659723 362612 647363 364788 653362 359312 660039 360295 649870 363151 665713 361669 689477 357945 644836 363598 645943 363761 633192 365689 657392 358864 652306 359118 662051 361404 681428 360339 644855 364039 636928 364733 662380 363003 672016 358203 632408 363252 657403 359356 634387 365236 655025 362477 641131 363369 692229 359441 642873 362025 679669 357115 642287 363227 649093 363782 627391 362402 639687 362706 701612 356158 653398 362723 642098 362229 626417 363621 641977 364280 633386 364679 642883 363129 684602 359941 701585 356908 634999 366707 658618 358575 674475 360858 657402 364413 644927 361427 
694096 371177 673124 376269 668335 375950 670517 375577 671687 374841 701540 372521 674115 373829 655807 377275 663911 376067 732561 367781 680434 374945 648084 376891 702910 371185 664236 374177 713730 373709 669557 376136 677892 373322 669327 372585 665754 374745 684665 376098 684480 374723 688799 373038 664850 377416 670298 375517 693211 371324 665303 376983 667913 377853 677636 375629 686472 370740 694997 372649 660264 377225 711018 370464 675329 375370 701124 371521 692424 377362 668546 376133 669012 376270 668304 377544 699891 368604 659657 376376 658170 374856 659428 377300 697123 373810 722314 372383 664857 376219 665140 375846 645691 378440 669221 376035 667842 373090 687752 373921 651452 379577 682869 371896 659274 375959 678460 375347 681856 374146 725940 370225 663777 375430 671538 376697 698032 373171 710176 369997 678442 372001 703085 374937 688225 374239 661054 374228 676887 372743 649956 373697 676498 373413 651810 376110 683371 373645 669618 375828 695548 371899 659562 378056 700262 371643 675385 374502 675078 372076 690210 374890 681388 372565 695493 372335 676694 375934 681637 373160 702491 370019 673767 372926 653606 378315 710814 373626 697094 372440 657251 376576 655640 376819 656381 376284 694733 371165 702855 371413 727505 369173 656789 375910 699407 373194 726987 371670 661674 377294 694115 373554 662238 375029 687592 371548 673937 374296 667459 375012 
695744 388078 693744 385305 718757 383871 707373 386056 691857 387137 712400 384147 701627 386372 695393 386557 710070 384895 690388 388723 717165 385099 710150 385754 709728 386015 756621 385064 689719 388058 678801 389327 697901 386258 689584 388520 723060 384471 686217 389388 729227 384285 679242 388745 726771 385426 695209 388471 685482 391318 735144 386916 721950 389124 688080 387351 685216 389576 714535 387044 730677 385018 706922 385383 725856 383690 692455 387606 698876 385703 680522 389598 689438 387159 748019 387062 691124 387707 716381 382410 701889 386325 696870 387452 713634 384691 721540 384575 712786 385665 686870 387980 681743 386807 704867 386716 673943 390115 709163 384273 732335 382737 719507 385236 720538 385059 735271 384414 675842 392531 704523 387452 739724 382389 704939 386355 667851 390695 722896 386079 677426 387329 727529 383045 719550 385606 686547 387398 709616 385482 749211 383871 703758 384655 689859 388253 710241 385279 694013 388459 708025 387467 692139 388155 689218 385356 698650 388329 680740 388386 705487 386174 705104 384294 715953 385464 719989 385662 701011 387140 693474 389261 711451 382353 714800 384461 714272 383750 696555 387862 664921 389607 703873 386216 687714 389642 698668 387832 709767 386877 683561 388652 706916 385887 746072 381599 690626 389359 696106 387085 676140 391971 713740 385678 709659 388116 697448 385707 672923 390102 
727307 398806 701915 403879 715318 402113 726358 401901 712897 403560 717304 398853 722142 398221 720515 402261 739404 399866 717643 397950 742466 399448 721115 399653 741411 397385 734539 398989 757101 394876 727894 401242 719068 399508 727094 397619 725434 402158 769277 394732 717834 397207 743894 400566 736104 399272 720947 401625 720052 397431 722949 401512 710165 400947 688713 404265 743117 400055 693815 404953 730368 399351 751187 397156 709114 402081 760127 395397 717023 400256 799554 392188 696852 404441 736256 400606 738202 400965 709061 399656 747805 395418 748990 399985 733123 397115 731975 397790 780397 397718 731233 402175 739811 401847 729554 398098 775268 396141 729714 396662 734112 398274 746534 396951 691873 402405 726262 398054 718045 398413 751022 400240 722664 399837 728693 399156 725125 400543 731779 399118 727095 400791 709260 401917 727254 400739 742498 400349 733283 397069 765566 397321 700749 403735 726745 399949 708188 402007 748416 398022 746647 398612 738559 397344 717684 401212 756154 395252 767759 395704 737417 397106 736309 397640 793095 394110 731228 396035 714843 401843 733061 399022 709793 403792 736353 398552 722348 399362 712069 399603 730485 399436 708124 401571 736426 399480 707855 401945 711369 401417 692577 402529 734418 395676 748710 396657 699835 403428 740481 395356 732533 397017 714467 400418 700288 402079 691707 404520 697906 402174 
775635 409012 727167 412851 743906 414803 730491 413012 751023 412413 788448 412059 739602 412701 748716 411160 721017 414713 718793 415200 737117 413362 782657 410409 726971 416665 734285 413808 740292 412093 727624 414902 839355 405502 736983 414692 753045 411499 717154 415378 762541 412170 747833 411120 740623 413839 754853 407683 732551 411474 739429 413253 785244 407529 756624 411949 749249 412316 752790 412813 792669 407282 731549 413978 711521 414588 791611 407755 823477 411526 744326 413609 785787 411050 769404 411592 726392 414066 769264 411357 748870 414078 761275 410286 755803 413517 749276 411581 726280 413557 734801 413590 746197 412244 842116 409275 743765 413175 741614 415346 767834 405768 748883 412545 790715 410649 760101 413297 726610 415132 727846 412079 730352 412680 772761 408672 740492 410627 767257 412786 770280 409380 755643 413214 760479 412116 783664 407131 748339 412030 761916 410494 728020 413504 783784 410629 771088 410074 727039 414407 770592 411037 719924 414628 758368 408541 755985 411355 730429 412809 738484 414798 774510 411784 747043 411089 719062 415401 758626 412313 782210 405463 718861 414958 738965 413624 756768 409511 752728 415901 732071 413372 747411 413784 743685 409999 775883 407107 728498 415321 772279 413628 756735 412470 740507 414216 783721 409717 780002 407363 733718 415910 793507 408255 803773 406825 728884 412746 731398 413450 
781765 426871 785573 423716 767787 424580 761560 427378 725667 430023 744869 424609 775616 426524 772567 426421 779389 425170 750655 426617 756599 429082 783796 421826 808440 423168 745565 425601 736717 429479 776844 425731 851755 418056 760690 424820 790361 423399 744773 426583 798910 425200 763053 427823 759934 427751 794782 423633 760593 427508 761315 428767 758076 425073 742781 429151 773966 426004 786166 420899 804561 418956 761712 427037 769931 426133 836665 422018 788029 426321 801830 425790 766808 425434 810082 421755 774226 424986 751402 426666 746426 428524 750425 429641 772514 425214 790412 423309 806031 423593 748673 426185 904540 416270 844475 427020 756295 426216 767010 425563 744860 427888 791980 422935 766350 427608 756909 426036 767376 424864 771189 424639 820026 420396 752420 429693 819830 423692 790747 424524 786462 424288 776948 424637 752817 425336 813228 421509 750138 427250 826046 424528 784528 425375 743687 428179 758371 426295 754361 425384 797607 424061 808773 426835 758536 427969 774015 424316 789092 428377 810232 422203 749362 427200 738270 431539 838634 418924 814350 418969 782624 424593 797602 425931 770236 424662 777351 424301 766152 426531 733578 429254 754470 428159 785542 423338 814229 417988 771329 424310 748803 427681 757472 422048 764511 425500 837367 419853 774311 424374 766755 424090 762982 423385 818544 421387 766841 425955 781733 423860 
806562 437068 789524 440098 811854 436644 787859 438146 790156 436255 785442 439884 788661 438228 785590 438009 791173 438796 767614 438433 826400 435612 758038 442990 783365 437775 823945 435338 786599 439421 809173 440925 786669 438243 764934 444800 829684 432935 780907 438024 790754 434810 832910 435163 800332 438760 799259 439010 834120 436036 835098 433127 846948 432835 812146 437546 820653 435425 829707 434730 804911 440366 798803 435805 782212 441283 791260 435526 783503 439069 806808 437232 770446 437839 803417 435412 800720 439004 805812 438736 791925 436316 807679 437691 781330 436860 755337 439586 813525 435729 760193 441528 786084 437271 767092 440910 813381 435380 787888 438552 782583 440234 809322 434020 831064 435430 838778 434221 799883 439097 771721 440600 809736 435136 858020 437406 788256 439002 809995 432872 788720 439358 781882 437626 833278 438388 780176 439487 804146 436543 774893 441642 846786 433198 861802 433155 781240 436793 815995 432890 770098 442042 773282 441947 823119 433737 806260 438755 829094 438965 771352 441656 781581 440065 796810 437437 782054 438299 794225 438821 790561 439398 788618 440619 805568 434561 821979 437924 800133 436023 793829 437400 836940 435636 795340 441097 821793 435015 811544 439381 797489 438027 821710 436931 785153 438514 790110 439008 771015 442203 772172 438900 833738 432459 788245 438608 819264 437512 878170 434703 
830627 448809 846445 449374 813228 447276 812709 451973 812698 451486 822122 450167 820259 448190 881214 446363 803926 453960 825354 453162 800722 451212 814089 450463 846553 444732 811390 454405 830949 449063 894474 444845 801477 454372 840264 448801 813827 453176 870252 446969 909542 442160 796795 452741 797208 454084 795042 454000 821773 450544 862371 445681 832496 448991 832731 448380 865340 445430 806865 451017 772702 455798 832191 453493 808753 454001 868360 449000 830331 448855 786752 456397 828630 445666 827578 451773 808800 452798 825838 452306 867657 448311 797137 452448 818660 450496 812906 450776 814799 455046 819198 454572 782890 455220 764437 456948 820923 451439 807758 453916 818392 453548 845230 447773 805675 455162 851657 445818 846496 447994 881776 446436 847331 449045 795005 453078 837729 448711 843587 449104 798418 452567 838183 451496 830042 450134 852209 451704 833920 449957 851035 449761 854348 447179 869562 448515 800780 449186 846023 447941 824153 451526 836111 451497 830385 446504 819178 450329 825085 450306 852928 446944 806217 452337 801321 452524 826525 449752 825464 450314 814207 449915 786307 453811 900063 442493 846290 449454 861097 445047 833894 447943 807637 451507 863719 449307 802157 454136 871785 444638 819389 452218 800503 455608 861649 442471 827246 453296 793258 453264 805740 453508 845780 446906 815485 450527 808510 453643 836851 449674 
826628 466452 826243 464931 835364 464627 853578 465624 828566 464278 817888 468206 873123 459870 836230 461678 832728 464718 816917 467412 876456 463743 835668 463449 851296 465325 888690 462043 864902 457941 881138 459998 813864 468202 878883 462628 820532 465061 828418 465572 850158 463270 831508 463547 875912 466844 844143 463276 792131 466624 859964 462689 840399 466629 821193 468926 880493 462600 858775 463839 865770 460693 827323 464522 833991 461986 839294 465938 831837 463402 853385 464727 826122 467072 833682 463133 845509 464693 822337 466741 857134 462515 877696 458953 806895 467639 861316 460696 870092 459900 857869 463409 866841 464350 827218 467153 845699 463566 846682 463042 862168 466322 851886 466351 870144 461218 824078 464592 866273 461924 869731 462311 839620 465153 901795 455435 861239 462738 842518 466039 817005 465439 866424 459543 874957 461663 852357 463049 858489 459578 829691 463893 826203 466609 815076 466694 838065 464499 850686 463390 913369 457481 987691 457483 831874 464255 839696 461960 805931 468311 869777 463018 830066 466776 873883 462179 826515 465688 855834 462016 892845 455829 824034 467025 838443 463954 846126 463708 856282 463782 868746 463004 835148 465300 836906 465403 875655 459627 827095 463720 828317 464355 924743 459814 856761 463752 823411 463370 826240 465566 864421 459955 879161 463421 833104 467230 836145 465333 886119 464707 
875616 478936 869626 479058 878310 476248 872385 477217 893457 472645 855179 477829 903900 475691 898872 473813 886029 476008 846068 479734 883216 474847 850402 478807 847573 479857 845831 477626 840378 477409 871591 473342 821746 482567 838246 478355 926230 472613 856862 479279 892708 477050 862983 474620 878236 476076 889580 473796 907715 477549 885022 473984 888376 474282 904728 474531 858687 478794 908110 474249 884350 477971 874810 476242 921950 474765 838456 480833 881168 474743 847681 478449 875680 477986 892562 476874 881315 477350 859490 477277 879637 480871 891590 472798 865021 477309 898251 475962 871253 480299 869156 477849 870286 476433 892098 474644 837012 481241 850499 479576 863618 473709 869154 475202 909535 472631 874501 475598 929344 472036 838676 480221 847082 479416 904498 471530 896575 476246 912409 470258 883363 475783 847282 479875 891837 476840 873210 476769 855840 476439 893038 475903 894832 476602 864668 477200 903484 476023 862207 475875 843445 480638 878521 475935 861505 477875 870959 478772 834629 479857 868088 473257 855312 478855 881845 472714 857730 476023 830193 481229 861752 474799 896747 477853 921471 473914 884846 473946 898073 473115 847833 479375 853098 478411 880169 475818 905232 477571 862288 479215 853409 476617 870510 476975 862634 477417 899206 476313 841334 478480 899979 470436 875738 475030 894975 471970 915265 470418 872872 474969 
888458 490466 942758 488607 858388 492388 909841 486910 959412 483553 857476 491910 899471 490118 898422 493371 875854 492000 873440 493647 886102 491870 917716 490462 894245 488290 906095 490250 921971 489784 974550 488604 865729 492238 867002 493173 919632 489299 877463 492236 916739 489736 872960 493313 896044 489768 912923 486489 890613 490269 894042 490109 891874 492318 913258 490981 898984 487296 900270 488420 901366 488426 889912 490458 913044 487679 873709 491620 872887 490857 933516 490229 870960 492601 906184 486043 863309 491547 878765 492025 919468 485509 884625 491069 872013 492350 910882 486726 889924 490446 918445 488239 886385 490047 939178 482776 893483 490922 888682 489637 871670 493126 882360 492647 920877 485207 954647 484272 895046 491893 912984 490216 895616 486697 884035 491240 881440 491519 894763 492402 868929 493472 879171 490846 886783 489040 878430 490926 866970 492608 1000513 481515 895417 491849 886930 492151 905239 487974 939110 486507 908762 483862 889198 489237 925077 487183 894339 489462 891188 490258 919161 485808 898260 489317 904053 491341 875071 487912 863036 491618 896010 486206 945657 488467 880940 488504 872881 491622 896093 486556 922360 487088 950533 485187 881346 489087 864170 494820 908933 485900 885517 490007 876110 490258 909138 485375 881939 492564 889987 487805 896407 489539 910649 487099 866116 492123 872712 494776 881507 491763 
913889 504159 981581 497554 940999 498442 883008 506755 915823 500937 924980 505168 916080 504255 894845 499762 950505 495822 906687 503434 883002 504397 891122 505550 902458 503167 912193 500969 949078 502803 984678 492051 934753 500284 886265 507076 943723 500975 899411 504084 878331 505790 941638 501497 933060 500438 928123 500444 905648 502123 932850 500801 925243 499757 935592 500468 902022 503833 1007854 499167 962619 499520 895291 505127 900965 506021 923690 497088 872803 507451 927744 500738 937349 501340 946922 501189 911632 504491 1011735 492918 934994 501955 929439 501362 946271 498683 922023 502432 906081 506625 925903 501660 911305 505427 942238 501186 908259 503836 914322 504129 956910 497520 897584 505340 915134 503526 874249 504182 958612 499418 951179 498145 895235 504241 887255 507002 976406 496875 925797 503502 887985 503538 899481 505497 930433 501887 911213 501069 910682 507240 873248 506539 903146 507709 896913 504175 907487 504036 957697 498526 912343 505201 936484 503669 981953 500100 902775 504513 923279 500241 941562 498886 949937 502809 912676 506817 898439 508536 935395 503709 918176 505293 956477 498731 936583 499738 902605 503467 905479 503375 925439 502156 947608 502039 948372 499342 935946 500650 899509 500672 954757 497514 950252 501342 922523 503069 912421 499185 936542 499809 900299 499946 960666 497464 965469 497260 992449 493682 987237 501775 
902723 519963 940176 516656 948606 515514 944501 519109 938896 518846 927903 517567 1014774 509842 980480 512328 964926 507473 964691 510577 932767 517373 942993 516032 929626 517662 927960 515269 972693 516160 990190 509633 938548 513244 929455 515748 941707 513035 929978 516294 942059 516736 910604 519007 917971 516777 987405 513588 939992 517585 930082 515789 1027396 508887 960960 512017 974247 516287 923841 517040 954700 508934 889804 520035 952870 513885 964098 513640 911951 517321 891459 520511 949500 517637 938645 516482 1025120 506555 908307 521946 955845 511616 949823 514427 925412 515120 998130 511092 956251 512814 916016 519920 982426 512542 975610 512933 908168 518359 950089 511650 941207 515602 905775 513905 920380 517098 936925 516337 932596 516581 966558 513186 921783 516734 927087 518938 977150 512875 947396 513152 950333 516328 941350 517639 985533 509855 958710 512876 898469 517490 911235 519137 992664 512137 971337 512719 954795 512946 926655 514513 926816 516577 920273 518254 982265 513072 935437 513850 923110 519337 941987 516883 914893 514345 965624 514207 952235 512717 988961 508251 951325 513884 939082 517227 927390 519532 933326 514233 955638 513341 941966 516291 915630 520209 954979 511357 985604 513960 962134 515730 927608 518781 905334 520380 939014 514624 946508 516165 920203 518033 974549 512165 972097 512097 942088 517664 935762 514080 926582 514480 
992565 526442 973404 529185 971770 526152 1009110 523163 1069984 520231 937327 532694 941281 529628 988335 524528 951437 528138 954803 529498 957585 530970 945633 531786 915245 532993 987224 526306 1004692 523940 964555 526848 947909 530007 965767 527067 923024 534844 1048276 526411 940555 529470 961385 527414 950327 528145 988308 524329 983218 525451 993414 527004 965755 529704 1001741 522308 966570 528254 960513 531567 902051 533266 999073 527834 958905 524957 967745 527038 977479 529220 981427 526686 946961 528666 959851 527940 1047805 523177 957940 530034 973773 530707 965671 529664 990007 528809 980696 530003 956198 529167 996221 522964 950573 530209 996211 522442 998658 528014 994358 525988 1022060 523911 969117 525631 985939 527058 983749 528045 978413 525736 1015193 526443 934517 530360 976725 529037 956043 529585 978362 525584 999932 529410 930951 531683 964851 524648 1018451 525441 936483 529437 1022051 524395 1004595 525326 952408 527649 989662 527967 1054289 527247 994648 522801 988614 528633 953733 532151 978940 526981 978598 527117 973940 527895 952284 531607 971446 528595 966735 527113 1070242 525314 985108 526206 951741 532075 997117 525030 950311 530347 985632 523868 930194 533363 966211 529111 988936 525340 993651 527895 988999 525059 910711 531876 939885 530548 959915 524128 1016970 523259 921791 534275 962970 528663 929065 531918 988020 526582 960074 526179 982690 524126 
994343 542668 1044518 537839 965895 543847 1005750 541338 969705 544417 1013453 538408 986161 542095 999900 542109 952969 546238 1001786 542014 1043253 540039 1025962 539601 965860 545317 954966 545608 968046 543881 1001425 539520 992461 544630 982776 542668 1016140 537532 986864 541828 1013900 539282 991112 541122 957815 544956 972406 542340 982696 541851 974520 543403 1002725 540107 979861 540881 1002503 539362 993588 539113 990169 542026 987981 540189 978764 541632 962646 543113 1020437 541542 1017145 539663 1005640 540195 984668 540881 978923 541267 1009379 538052 1011224 540412 948688 543815 1013639 537697 1067345 539534 978302 541019 967449 543696 1003639 541150 953379 539230 983797 545358 1046871 538335 976314 542260 973754 547197 980480 543203 987174 540935 1016453 534375 1111043 531824 990460 542637 1019710 541141 974429 544015 965574 546013 1003416 538422 1030494 535676 964115 543290 945071 547447 960968 541819 943287 546557 1034510 539957 981726 542365 954849 544351 980915 540070 981687 544631 983274 542845 979428 542381 982310 540042 1008354 542653 986564 540908 1008378 542043 967484 541688 960389 544260 994204 536903 1014746 535693 966304 543623 962100 544718 976502 543787 981921 542425 1050635 535513 945315 548403 1015135 541718 951405 544700 998133 540611 986739 540587 1006133 539568 945291 544910 1007036 541259 975781 545664 1006198 541300 1003614 543017 968825 544990 969994 543471 926598 548618 
974312 559503 1031213 550711 1009790 556017 1060511 551670 1017870 551193 1021821 556193 1028324 554772 1047101 550880 964875 559474 1020465 553458 996850 553584 1067120 549725 968977 560535 973077 557733 1069021 550934 1026811 551091 1006751 551799 1044062 551730 1009773 554827 981748 558018 985495 554971 1014815 555465 1007905 555415 1015223 557827 1012890 552488 1049898 547210 1000434 551220 1016312 555968 1030580 551818 1070580 548932 1055622 544451 985595 559457 1113799 547853 1010190 553093 1037380 553441 988864 557518 992057 558204 1066282 551326 987094 554978 1068817 549648 1019289 554470 1005605 558632 985540 554927 1010446 558356 1036168 554594 1010954 556858 1007033 555219 1054233 554337 1006621 556054 994714 552272 1051650 551218 1011580 556033 1011465 552525 1019537 556789 997375 557213 1013550 554226 1022081 550595 1040730 551939 1046856 555543 1004203 559168 976509 557702 1034199 550563 1100801 547372 964038 560449 1064649 552393 1015148 556013 1002452 559445 1018758 553584 972021 554227 1069939 549321 991366 558091 1012796 553791 1096573 551937 977498 556558 974741 556890 1025682 555363 1057313 549784 1046202 551884 1027380 557478 984112 556814 1004804 553528 1072557 548237 1023728 555109 1005124 558989 1057412 553595 1033561 551415 996911 553665 977500 556739 1064119 550835 1010553 551156 1005240 557848 992762 554721 999528 557951 999692 556302 1020751 554316 1014894 555902 1004621 559663 963557 563401 1025046 557696 1019180 554364 
1120537 563099 1075161 564681 1054273 563421 1035534 568440 1041455 568749 1060859 564098 1018458 570367 1037875 570084 1067759 565699 1012216 571206 1089253 562935 1030110 569778 1019301 567507 1055287 568936 1027531 571162 1042901 565624 1131130 558275 1059543 562312 1022816 571741 1007631 569172 1130678 559583 1000378 572755 1095596 563004 1055095 564146 1031153 566523 1012589 571624 1010384 569033 1105801 561395 1030368 565187 1129889 560277 1047990 564381 1022938 570161 1060347 565995 1000007 572596 1048335 566000 1047389 566579 1013947 572934 1049504 567177 1011865 570485 1004927 574560 1014545 570492 1026661 569432 990003 572543 1044425 565648 1023809 567479 1044133 568199 1090510 567356 1060065 563653 1039957 564191 1053439 565433 1083783 566003 1033077 569791 1064144 567250 996922 570235 1018375 571243 1052679 566596 1091591 562381 1090379 562025 1063755 566182 1040647 567968 1099040 563162 1064140 565130 1013666 566655 1057623 564355 1050500 569242 1002272 570465 999733 573971 1044643 566436 1068295 570048 1020494 571897 995108 571054 1091795 562559 1113074 566484 1089848 568172 1041893 566921 1057810 566632 1053558 569395 1140283 558766 1161975 557559 1146074 560525 1002672 573793 1068330 568735 1103034 563914 1058036 567538 1025550 568498 1044356 571741 1019506 571725 1031058 566444 1068048 566758 1082803 562508 1011640 568971 1076459 562862 1002931 571101 1061883 563061 1004789 571573 1035276 569017 1070638 567340 1093716 567885 987838 573703 1043713 568947 
1092892 577789 1085912 577797 1039187 582273 1048609 582764 1112276 573959 1168350 568873 1039801 583635 1047293 582232 1041918 583037 1061682 583732 1069424 582058 1047411 583571 1072628 579586 1074600 578221 1054885 582471 1085678 579523 1120465 573025 1100123 570568 1098855 570531 1065179 579849 1041285 586105 1092706 577493 1084204 573416 1112581 577345 1072068 577721 1024633 585488 1064133 578563 1075913 577999 1101858 583679 1106177 573711 1069620 579711 1075039 582433 1037940 579961 1077257 578396 1153074 572588 1023033 582485 1035975 581937 1048208 582960 1117191 572350 1075913 580381 1111792 581070 1105283 575882 1101647 578937 1061948 582616 1005281 588558 1070673 581804 1025238 584079 1116514 579429 1013379 584308 1060404 579204 1092534 581871 1120523 575792 1101899 577397 1063584 581601 1092436 581756 1137351 575491 1056238 579180 1105333 577271 1015195 585380 1099088 574355 1045937 579309 1064585 579168 1074381 580541 1064788 579788 1056765 582068 1027723 583103 1106763 575982 1027418 585057 1075421 576179 1079863 575722 1051037 581832 1041181 585236 1139428 570161 1120894 573475 1097275 579851 1069757 580810 1068495 576990 1053079 583503 1043208 583350 1084173 574130 1093789 581630 1072613 582586 1111037 574332 1058545 582396 1048128 581319 1105365 578599 1065315 580445 1053923 580999 1036394 583624 1085092 577160 1035398 582592 1009796 584158 1044282 585653 1133832 575602 1009005 585258 1149902 571977 1060936 581607 1015004 583693 1069671 581664 1048314 578804 
1081938 595657 1124713 591821 1096381 591738 1070190 596359 1052233 597665 1101421 593028 1042737 598317 1045038 598135 1095927 589488 1135865 594319 1053122 598377 1110435 592035 1081577 594745 1071100 595408 1166721 587519 1095556 591549 1190142 583992 1101000 593183 1090802 595298 1072694 594836 1061976 597541 1090541 591577 1165450 589068 1061751 593907 1063572 599096 1086566 596392 1077118 594037 1139045 587538 1089601 595935 1092698 593921 1069255 597537 1118990 587957 1070671 596229 1171946 592562 1093058 590493 1203692 587568 1081505 594134 1143603 595642 1077662 590019 1083317 597852 1088247 591633 1081012 595546 1131110 588697 1117127 587400 1103742 588841 1057929 595887 1044261 598973 1093438 590971 1095316 592618 1083204 593384 1071719 595622 1071328 594509 1052905 594123 1115530 589935 1093278 591731 1047829 596157 1074806 595570 1132533 588078 1078890 596070 1138633 589501 1067227 595640 1153911 585151 1075081 598511 1297246 577755 1058525 595107 1128339 589374 1084377 591908 1076165 593059 1096848 591437 1065971 599244 1105964 593042 1079893 594680 1067610 597031 1076318 595211 1076140 591367 1077610 595278 1076280 593451 1150586 585924 1085826 594232 1122357 595006 1071154 597150 1073207 592978 1087796 593846 1054063 600028 1082138 594582 1036484 600597 1035941 600221 1160892 588875 1090926 589576 1065353 596872 1089341 597544 1080073 596419 1143333 593169 1229653 586628 1092052 592481 1105238 595082 1070650 593581 1058293 596353 1088896 590792 1106204 594023 
1180648 596751 1101224 609526 1080143 609997 1104251 610410 1176824 601616 1122871 602070 1144097 605200 1071925 610082 1197138 600452 1177039 598658 1073224 607361 1139072 604375 1084488 609741 1142942 606482 1084466 615504 1069536 610360 1157227 604271 1109345 606931 1090951 611670 1156001 603412 1103009 607943 1205006 598497 1074762 611274 1185389 595590 1164882 607377 1089500 609075 1128669 607782 1113624 604117 1108380 605579 1104968 607557 1101656 608201 1114392 601304 1105969 606487 1097114 606005 1101381 606420 1150785 598880 1168964 600115 1057216 612880 1115302 607374 1126253 606594 1124087 606143 1093029 604969 1101695 606433 1113310 607307 1130611 608051 1172701 598987 1089728 607893 1116047 606683 1209285 601019 1095678 607505 1169575 607463 1249544 589378 1179426 599639 1152405 607613 1085128 611628 1158703 604238 1089633 608540 1111843 608292 1147701 607054 1097139 602857 1078672 610129 1131622 609754 1113627 610090 1122341 607649 1164758 605559 1187153 599506 1067970 610356 1093756 611214 1081176 610577 1149056 604850 1135474 599112 1100443 603998 1120370 607233 1140885 604129 1084613 608703 1162256 602408 1113722 608368 1171274 604267 1117015 608963 1102313 608266 1146889 604056 1120796 605676 1138623 602937 1141596 602660 1046104 612968 1094739 609360 1115447 607467 1125312 604456 1113232 608749 1135876 604920 1104357 606856 1128236 606395 1135061 602038 1139520 604675 1108746 603973 1078494 609677 1123919 609397 1157603 607024 1073466 606786 1194901 599240 
