8723 19952 8719 19952 8698 19952 8673 19952 8691 19952 8676 19952 8707 19952 8689 19952 8714 19952 8686 19952 8720 19952 8725 19952 8730 19952 8727 19952 8678 19952 8677 19952 8699 19952 8706 19952 8704 19952 8743 19952 8737 19952 8725 19952 8705 19952 8711 19952 8707 19952 8692 19952 8702 19952 8703 19952 8725 19952 8722 19952 8699 19952 8699 19952 8714 19952 8733 19952 8696 19952 8679 19952 8732 19952 8698 19952 8699 19952 8668 19952 8672 19952 8706 19952 8707 19952 8682 19952 8693 19952 8737 19952 8700 19952 8717 19952 8710 19952 8711 19952 8687 19952 8692 19952 8681 19952 8703 19952 8725 19952 8724 19952 8694 19952 8714 19952 8725 19952 8708 19952 8684 19952 8717 19952 8704 19952 8723 19952 8701 19952 8702 19952 8708 19952 8695 19952 8710 19952 8727 19952 8676 19952 8686 19952 8696 19952 8692 19952 8696 19952 8711 19952 8694 19952 8700 19952 8694 19952 8691 19952 8671 19952 8706 19952 8687 19952 8723 19952 8687 19952 8714 19952 8681 19952 8698 19952 8738 19952 8706 19952 8726 19952 8710 19952 8706 19952 8717 19952 8690 19952 8682 19952 8697 19952 8703 19952 8698 19952 8720 19952 
19448 43904 19406 43904 19422 43904 19361 43904 19404 43904 19440 43904 19387 43904 19432 43904 19453 43904 19405 43904 19398 43904 19421 43904 19464 43904 19443 43904 19441 43904 19396 43904 19398 43904 19413 43904 19425 43904 19371 43904 19423 43904 19445 43904 19368 43904 19429 43904 19399 43904 19363 43904 19378 43904 19410 43904 19448 43904 19395 43904 19407 43904 19404 43904 19386 43904 19422 43904 19371 43904 19382 43904 19387 43904 19393 43904 19405 43904 19380 43904 19421 43904 19419 43904 19394 43904 19440 43904 19444 43904 19384 43904 19399 43904 19371 43904 19386 43904 19417 43904 19409 43904 19385 43904 19437 43904 19396 43904 19404 43904 19428 43904 19396 43904 19441 43904 19421 43904 19451 43904 19423 43904 19394 43904 19428 43904 19422 43904 19394 43904 19456 43904 19425 43904 19443 43904 19403 43904 19397 43904 19415 43904 19412 43904 19427 43904 19417 43904 19440 43904 19341 43904 19437 43904 19392 43904 19399 43904 19416 43904 19401 43904 19418 43904 19410 43904 19429 43904 19381 43904 19425 43904 19377 43904 19471 43904 19371 43904 19389 43904 19396 43904 19420 43904 19398 43904 19428 43904 19446 43904 19430 43904 19425 43904 19394 43904 19439 43904 19422 43904 
30972 69808 30909 69808 30911 69808 30909 69808 30913 69808 30958 69808 30847 69808 30948 69808 30928 69808 30949 69808 30886 69808 30953 69808 30899 69808 30894 69808 30895 69808 30859 69808 30967 69808 30914 69808 30904 69808 30960 69808 30867 69808 30910 69808 30902 69808 30912 69808 30893 69808 30956 69808 30901 69808 30892 69808 30965 69808 30901 69808 30933 69808 30869 69808 30950 69808 30980 69808 30895 69808 30900 69808 30910 69808 30894 69808 30952 69808 30917 69808 30923 69808 30947 69808 30937 69808 30915 69808 30937 69808 30974 69808 30888 69808 30931 69808 30931 69808 30973 69808 30866 69808 30918 69808 30918 69808 30875 69808 30961 69808 30925 69808 30953 69808 30904 69808 30954 69808 30916 69808 30935 69808 30876 69808 30958 69808 30924 69808 30943 69808 30951 69808 30913 69808 30936 69808 30925 69808 30921 69808 30898 69808 30901 69808 30933 69808 30921 69808 30937 69808 30883 69808 30886 69808 30892 69808 30949 69808 30965 69808 30956 69808 30900 69808 30910 69808 30908 69808 30956 69808 30900 69808 30872 69808 30945 69808 30917 69808 30961 69808 30832 69808 30967 69808 30987 69808 30921 69808 30900 69808 30923 69808 30859 69808 30963 69808 30904 69808 30958 69808 
42799 95808 42881 95808 42898 95808 42803 95808 42810 95808 42786 95808 42848 95808 42833 95808 42903 95808 42759 95808 42852 95808 42783 95808 42845 95808 42800 95808 42827 95808 42820 95808 42904 95808 42854 95808 42835 95808 42828 95808 42855 95808 42800 95808 42821 95808 42820 95808 42844 95808 42770 95808 42850 95808 42907 95808 42813 95808 42813 95808 42809 95808 42819 95808 42831 95808 42828 95808 42936 95808 42822 95808 42802 95808 42811 95808 42749 95808 42842 95808 42786 95808 42863 95808 42817 95808 42779 95808 42871 95808 42858 95808 42772 95808 42832 95808 42819 95808 42825 95808 42869 95808 42846 95808 42847 95808 42813 95808 42849 95808 42835 95808 42889 95808 42776 95808 42826 95808 42772 95808 42815 95808 42787 95808 42839 95808 42819 95808 42805 95808 42796 95808 42802 95808 42827 95808 42780 95808 42810 95808 42854 95808 42814 95808 42847 95808 42784 95808 42840 95808 42861 95808 42799 95808 42811 95808 42883 95808 42743 95808 42843 95808 42745 95808 42801 95808 42793 95808 42768 95808 42890 95808 42863 95808 42800 95808 42838 95808 42807 95808 42837 95808 42848 95808 42849 95808 42936 95808 42789 95808 42762 95808 42846 95808 42761 95808 42819 95808 42851 95808 
55249 123616 55205 123616 55201 123616 55166 123616 55148 123616 55190 123616 55271 123616 55196 123616 55232 123616 55172 123616 55182 123616 55287 123616 55216 123616 55266 123616 55247 123616 55209 123616 55172 123616 55283 123616 55280 123616 55252 123616 55154 123616 55203 123616 55265 123616 55246 123616 55216 123616 55257 123616 55228 123616 55210 123616 55238 123616 55237 123616 55201 123616 55201 123616 55247 123616 55176 123616 55285 123616 55249 123616 55206 123616 55294 123616 55258 123616 55273 123616 55244 123616 55265 123616 55161 123616 55268 123616 55239 123616 55313 123616 55206 123616 55246 123616 55191 123616 55224 123616 55228 123616 55223 123616 55215 123616 55286 123616 55236 123616 55283 123616 55165 123616 55234 123616 55209 123616 55282 123616 55261 123616 55163 123616 55235 123616 55247 123616 55236 123616 55242 123616 55256 123616 55283 123616 55283 123616 55254 123616 55227 123616 55247 123616 55229 123616 55227 123616 55271 123616 55216 123616 55233 123616 55146 123616 55258 123616 55204 123616 55218 123616 55267 123616 55226 123616 55243 123616 55233 123616 55166 123616 55269 123616 55257 123616 55235 123616 55204 123616 55190 123616 55266 123616 55224 123616 55195 123616 55252 123616 55142 123616 55199 123616 55234 123616 55272 123616 55167 123616 
67870 151616 67858 151616 67787 151616 67830 151616 67893 151616 67868 151616 67834 151616 67813 151616 67772 151616 67834 151616 67808 151616 67870 151616 67821 151616 67867 151616 67842 151616 67777 151616 67804 151616 67838 151616 67809 151616 67839 151616 67802 151616 67864 151616 67840 151616 67879 151616 67861 151616 67774 151616 67863 151616 67883 151616 67839 151616 67874 151616 67839 151616 67825 151616 67791 151616 67854 151616 67942 151616 67822 151616 67870 151616 67803 151616 67885 151616 67847 151616 67821 151616 67815 151616 67782 151616 67878 151616 67743 151616 67766 151616 67792 151616 67800 151616 67862 151616 67887 151616 67863 151616 67805 151616 67871 151616 67766 151616 67767 151616 67812 151616 67813 151616 67887 151616 67784 151616 67821 151616 67840 151616 67919 151616 67878 151616 67850 151616 67760 151616 67873 151616 67910 151616 67790 151616 67876 151616 67817 151616 67830 151616 67824 151616 67827 151616 67788 151616 67770 151616 67861 151616 67840 151616 67856 151616 67821 151616 67848 151616 67826 151616 67867 151616 67829 151616 67849 151616 67768 151616 67807 151616 67841 151616 67845 151616 67845 151616 67887 151616 67786 151616 67794 151616 67906 151616 67837 151616 67855 151616 67912 151616 67776 151616 67845 151616 67876 151616 67893 151616 
80626 179616 80658 179616 80711 179616 80607 179616 80697 179616 80714 179616 80725 179616 80617 179616 80599 179616 80584 179616 80633 179616 80650 179616 80715 179616 80630 179616 80689 179616 80633 179616 80716 179616 80673 179616 80679 179616 80701 179616 80636 179616 80642 179616 80683 179616 80688 179616 80675 179616 80730 179616 80770 179616 80741 179616 80688 179616 80677 179616 80764 179616 80642 179616 80709 179616 80718 179616 80695 179616 80698 179616 80694 179616 80681 179616 80733 179616 80681 179616 80656 179616 80673 179616 80698 179616 80767 179616 80746 179616 80706 179616 80625 179616 80621 179616 80606 179616 80648 179616 80671 179616 80718 179616 80696 179616 80657 179616 80664 179616 80650 179616 80680 179616 80652 179616 80623 179616 80678 179616 80688 179616 80803 179616 80629 179616 80655 179616 80665 179616 80716 179616 80760 179616 80785 179616 80696 179616 80610 179616 80714 179616 80629 179616 80638 179616 80650 179616 80630 179616 80669 179616 80674 179616 80729 179616 80637 179616 80760 179616 80663 179616 80684 179616 80619 179616 80726 179616 80725 179616 80732 179616 80787 179616 80671 179616 80702 179616 80659 179616 80630 179616 80715 179616 80723 179616 80665 179616 80576 179616 80630 179616 80609 179616 80618 179616 80715 179616 80656 179616 
93672 207616 93612 207616 93615 207616 93630 207616 93614 207616 93621 207616 93635 207616 93671 207616 93601 207616 93691 207616 93615 207616 93641 207616 93645 207616 93616 207616 93628 207616 93667 207616 93669 207616 93653 207616 93574 207616 93624 207616 93667 207616 93714 207616 93568 207616 93662 207616 93669 207616 93647 207616 93658 207616 93675 207616 93674 207616 93610 207616 93623 207616 93727 207616 93663 207616 93640 207616 93656 207616 93650 207616 93669 207616 93620 207616 93545 207616 93631 207616 93680 207616 93607 207616 93777 207616 93702 207616 93632 207616 93690 207616 93636 207616 93573 207616 93604 207616 93775 207616 93609 207616 93650 207616 93625 207616 93692 207616 93576 207616 93729 207616 93675 207616 93678 207616 93546 207616 93708 207616 93577 207616 93612 207616 93622 207616 93590 207616 93591 207616 93698 207616 93618 207616 93637 207616 93625 207616 93612 207616 93600 207616 93655 207616 93618 207616 93607 207616 93654 207616 93657 207616 93588 207616 93649 207616 93714 207616 93657 207616 93645 207616 93614 207616 93686 207616 93589 207616 93672 207616 93670 207616 93600 207616 93676 207616 93654 207616 93649 207616 93646 207616 93636 207616 93642 207616 93678 207616 93645 207616 93689 207616 93695 207616 93667 207616 93649 207616 93619 207616 
106964 237232 106931 237232 106942 237232 106971 237232 107005 237232 106977 237232 106961 237232 106988 237232 107020 237232 106935 237232 107093 237232 106931 237232 106955 237232 106958 237232 107038 237232 107014 237232 106975 237232 107017 237232 107063 237232 107006 237232 106980 237232 107032 237232 107004 237232 106951 237232 106868 237232 106956 237232 107082 237232 106912 237232 106998 237232 106913 237232 107082 237232 106930 237232 107027 237232 107030 237232 106981 237232 106930 237232 106954 237232 107026 237232 106983 237232 107017 237232 107008 237232 107004 237232 106990 237232 107021 237232 106976 237232 107019 237232 106946 237232 107008 237232 106851 237232 106874 237232 106849 237232 107092 237232 107016 237232 107047 237232 106941 237232 107008 237232 106928 237232 106998 237232 106994 237232 106954 237232 106963 237232 106964 237232 106982 237232 107015 237232 107032 237232 107011 237232 106837 237232 106904 237232 106944 237232 107002 237232 106933 237232 107050 237232 106939 237232 107054 237232 106941 237232 106952 237232 106905 237232 106999 237232 107015 237232 107030 237232 106989 237232 106969 237232 106940 237232 106981 237232 106989 237232 106936 237232 107004 237232 107031 237232 106963 237232 107020 237232 107018 237232 107052 237232 106898 237232 107070 237232 107061 237232 107047 237232 106948 237232 106996 237232 106918 237232 106899 237232 
120457 267232 120488 267232 120390 267232 120396 267232 120566 267232 120463 267232 120424 267232 120449 267232 120437 267232 120528 267232 120464 267232 120383 267232 120534 267232 120460 267232 120374 267232 120442 267232 120380 267232 120331 267232 120385 267232 120399 267232 120411 267232 120440 267232 120403 267232 120470 267232 120504 267232 120381 267232 120476 267232 120524 267232 120519 267232 120432 267232 120511 267232 120364 267232 120449 267232 120483 267232 120428 267232 120503 267232 120484 267232 120437 267232 120517 267232 120473 267232 120507 267232 120501 267232 120446 267232 120439 267232 120329 267232 120452 267232 120519 267232 120407 267232 120459 267232 120511 267232 120542 267232 120569 267232 120460 267232 120389 267232 120388 267232 120516 267232 120416 267232 120439 267232 120415 267232 120508 267232 120533 267232 120413 267232 120364 267232 120506 267232 120412 267232 120523 267232 120524 267232 120473 267232 120431 267232 120553 267232 120410 267232 120436 267232 120419 267232 120351 267232 120346 267232 120514 267232 120380 267232 120458 267232 120426 267232 120380 267232 120393 267232 120491 267232 120490 267232 120448 267232 120509 267232 120538 267232 120456 267232 120392 267232 120500 267232 120439 267232 120521 267232 120400 267232 120388 267232 120352 267232 120504 267232 120511 267232 120520 267232 120445 267232 120425 267232 120457 267232 
134025 297232 134093 297232 133993 297232 134021 297232 133968 297232 134076 297232 134010 297232 134040 297232 133998 297232 134023 297232 133992 297232 133997 297232 133949 297232 134078 297232 133991 297232 133940 297232 134036 297232 133970 297232 134072 297232 133932 297232 133966 297232 134001 297232 134091 297232 134059 297232 134076 297232 134024 297232 134018 297232 134030 297232 134196 297232 134000 297232 134013 297232 134073 297232 134067 297232 134030 297232 134141 297232 134065 297232 133910 297232 133974 297232 134076 297232 133996 297232 134004 297232 134041 297232 134057 297232 133934 297232 134037 297232 133882 297232 133973 297232 133992 297232 133957 297232 134118 297232 133997 297232 134027 297232 134043 297232 133988 297232 134053 297232 133993 297232 133938 297232 133886 297232 134123 297232 134087 297232 134060 297232 134055 297232 133947 297232 134000 297232 133932 297232 133900 297232 134026 297232 134049 297232 133993 297232 133938 297232 134065 297232 134068 297232 134028 297232 133992 297232 133981 297232 134072 297232 134041 297232 134044 297232 134015 297232 134017 297232 134056 297232 134070 297232 134095 297232 134088 297232 134014 297232 134081 297232 134042 297232 134093 297232 134021 297232 133978 297232 133989 297232 134096 297232 134060 297232 134070 297232 133949 297232 133939 297232 134044 297232 134028 297232 133989 297232 134030 297232 
147773 327232 147723 327232 147631 327232 147627 327232 147664 327232 147654 327232 147689 327232 147594 327232 147661 327232 147676 327232 147725 327232 147700 327232 147575 327232 147732 327232 147621 327232 147612 327232 147750 327232 147668 327232 147695 327232 147709 327232 147623 327232 147676 327232 147635 327232 147668 327232 147648 327232 147685 327232 147648 327232 147819 327232 147796 327232 147601 327232 147717 327232 147626 327232 147722 327232 147582 327232 147658 327232 147564 327232 147653 327232 147660 327232 147591 327232 147734 327232 147819 327232 147720 327232 147617 327232 147588 327232 147640 327232 147656 327232 147687 327232 147560 327232 147622 327232 147713 327232 147659 327232 147611 327232 147692 327232 147623 327232 147729 327232 147742 327232 147828 327232 147741 327232 147662 327232 147662 327232 147737 327232 147777 327232 147740 327232 147679 327232 147691 327232 147658 327232 147782 327232 147696 327232 147728 327232 147828 327232 147594 327232 147607 327232 147655 327232 147609 327232 147676 327232 147734 327232 147733 327232 147671 327232 147699 327232 147593 327232 147674 327232 147689 327232 147692 327232 147721 327232 147743 327232 147685 327232 147552 327232 147726 327232 147651 327232 147724 327232 147582 327232 147781 327232 147723 327232 147561 327232 147624 327232 147779 327232 147612 327232 147761 327232 147650 327232 147705 327232 
161424 357232 161512 357232 161448 357232 161556 357232 161390 357232 161465 357232 161505 357232 161520 357232 161440 357232 161414 357232 161453 357232 161336 357232 161463 357232 161535 357232 161501 357232 161494 357232 161473 357232 161384 357232 161493 357232 161493 357232 161465 357232 161588 357232 161537 357232 161490 357232 161480 357232 161527 357232 161531 357232 161499 357232 161501 357232 161569 357232 161449 357232 161524 357232 161459 357232 161553 357232 161449 357232 161630 357232 161458 357232 161454 357232 161462 357232 161393 357232 161352 357232 161351 357232 161539 357232 161479 357232 161493 357232 161473 357232 161389 357232 161495 357232 161422 357232 161424 357232 161560 357232 161516 357232 161580 357232 161350 357232 161445 357232 161474 357232 161397 357232 161520 357232 161583 357232 161487 357232 161450 357232 161483 357232 161393 357232 161545 357232 161465 357232 161433 357232 161516 357232 161515 357232 161464 357232 161502 357232 161491 357232 161600 357232 161526 357232 161447 357232 161334 357232 161460 357232 161452 357232 161416 357232 161495 357232 161566 357232 161479 357232 161483 357232 161466 357232 161406 357232 161606 357232 161370 357232 161505 357232 161492 357232 161346 357232 161343 357232 161479 357232 161376 357232 161556 357232 161481 357232 161345 357232 161533 357232 161475 357232 161499 357232 161589 357232 161569 357232 
175386 387232 175460 387232 175488 387232 175438 387232 175443 387232 175452 387232 175252 387232 175316 387232 175341 387232 175295 387232 175323 387232 175411 387232 175341 387232 175406 387232 175343 387232 175469 387232 175221 387232 175331 387232 175212 387232 175365 387232 175452 387232 175460 387232 175263 387232 175411 387232 175387 387232 175251 387232 175384 387232 175261 387232 175357 387232 175474 387232 175351 387232 175309 387232 175368 387232 175350 387232 175287 387232 175524 387232 175357 387232 175465 387232 175357 387232 175370 387232 175373 387232 175338 387232 175411 387232 175299 387232 175355 387232 175274 387232 175172 387232 175376 387232 175352 387232 175350 387232 175338 387232 175310 387232 175424 387232 175245 387232 175319 387232 175389 387232 175377 387232 175252 387232 175359 387232 175301 387232 175352 387232 175403 387232 175370 387232 175294 387232 175300 387232 175347 387232 175429 387232 175250 387232 175341 387232 175370 387232 175420 387232 175281 387232 175391 387232 175465 387232 175392 387232 175353 387232 175384 387232 175406 387232 175409 387232 175340 387232 175319 387232 175434 387232 175368 387232 175362 387232 175390 387232 175329 387232 175334 387232 175443 387232 175331 387232 175314 387232 175316 387232 175411 387232 175338 387232 175338 387232 175298 387232 175392 387232 175453 387232 175301 387232 175389 387232 175383 387232 
189239 417232 189329 417232 189379 417232 189265 417232 189310 417232 189168 417232 189321 417232 189315 417232 189346 417232 189306 417232 189291 417232 189247 417232 189241 417232 189238 417232 189255 417232 189282 417232 189319 417232 189426 417232 189237 417232 189356 417232 189312 417232 189446 417232 189292 417232 189269 417232 189175 417232 189258 417232 189267 417232 189305 417232 189314 417232 189300 417232 189391 417232 189220 417232 189351 417232 189230 417232 189264 417232 189326 417232 189218 417232 189192 417232 189265 417232 189217 417232 189300 417232 189260 417232 189332 417232 189345 417232 189264 417232 189327 417232 189362 417232 189244 417232 189243 417232 189217 417232 189331 417232 189180 417232 189346 417232 189138 417232 189241 417232 189303 417232 189344 417232 189334 417232 189287 417232 189243 417232 189314 417232 189345 417232 189239 417232 189228 417232 189165 417232 189318 417232 189388 417232 189327 417232 189349 417232 189310 417232 189137 417232 189380 417232 189321 417232 189361 417232 189344 417232 189385 417232 189271 417232 189291 417232 189323 417232 189380 417232 189285 417232 189409 417232 189343 417232 189175 417232 189227 417232 189339 417232 189332 417232 189296 417232 189255 417232 189348 417232 189382 417232 189470 417232 189267 417232 189321 417232 189309 417232 189315 417232 189374 417232 189328 417232 189301 417232 189262 417232 
203343 447232 203211 447232 203328 447232 203364 447232 203350 447232 203259 447232 203369 447232 203253 447232 203444 447232 203342 447232 203166 447232 203233 447232 203276 447232 203307 447232 203295 447232 203295 447232 203276 447232 203304 447232 203408 447232 203181 447232 203258 447232 203254 447232 203187 447232 203338 447232 203365 447232 203418 447232 203296 447232 203201 447232 203222 447232 203345 447232 203401 447232 203171 447232 203308 447232 203261 447232 203302 447232 203381 447232 203371 447232 203240 447232 203398 447232 203348 447232 203176 447232 203423 447232 203291 447232 203342 447232 203204 447232 203326 447232 203214 447232 203321 447232 203266 447232 203311 447232 203255 447232 203273 447232 203248 447232 203275 447232 203219 447232 203408 447232 203258 447232 203285 447232 203160 447232 203214 447232 203277 447232 203246 447232 203245 447232 203264 447232 203262 447232 203254 447232 203313 447232 203315 447232 203259 447232 203328 447232 203303 447232 203274 447232 203234 447232 203238 447232 203369 447232 203338 447232 203304 447232 203191 447232 203204 447232 203236 447232 203193 447232 203203 447232 203280 447232 203326 447232 203291 447232 203328 447232 203258 447232 203169 447232 203227 447232 203305 447232 203230 447232 203303 447232 203265 447232 203205 447232 203371 447232 203415 447232 203151 447232 203292 447232 203379 447232 203293 447232 
217517 478464 217442 478464 217622 478464 217548 478464 217367 478464 217448 478464 217475 478464 217410 478464 217498 478464 217535 478464 217565 478464 217456 478464 217591 478464 217517 478464 217619 478464 217503 478464 217580 478464 217614 478464 217360 478464 217552 478464 217530 478464 217696 478464 217585 478464 217504 478464 217591 478464 217553 478464 217671 478464 217442 478464 217564 478464 217643 478464 217608 478464 217493 478464 217402 478464 217581 478464 217529 478464 217382 478464 217590 478464 217586 478464 217508 478464 217569 478464 217486 478464 217502 478464 217507 478464 217416 478464 217428 478464 217496 478464 217560 478464 217522 478464 217496 478464 217576 478464 217690 478464 217605 478464 217609 478464 217431 478464 217468 478464 217562 478464 217587 478464 217528 478464 217543 478464 217481 478464 217696 478464 217492 478464 217638 478464 217599 478464 217555 478464 217579 478464 217510 478464 217427 478464 217599 478464 217654 478464 217558 478464 217459 478464 217475 478464 217612 478464 217482 478464 217615 478464 217526 478464 217496 478464 217496 478464 217456 478464 217561 478464 217560 478464 217542 478464 217513 478464 217630 478464 217662 478464 217459 478464 217353 478464 217505 478464 217517 478464 217388 478464 217483 478464 217484 478464 217457 478464 217586 478464 217606 478464 217536 478464 217693 478464 217499 478464 217493 478464 
232057 510464 232027 510464 231903 510464 231937 510464 231743 510464 231966 510464 231989 510464 231882 510464 232169 510464 231951 510464 231971 510464 231961 510464 232071 510464 232019 510464 231975 510464 231934 510464 231819 510464 232045 510464 231996 510464 231847 510464 231913 510464 231993 510464 231947 510464 231941 510464 231916 510464 232017 510464 231973 510464 231984 510464 232003 510464 232060 510464 231844 510464 231961 510464 231885 510464 231842 510464 231848 510464 231975 510464 232077 510464 232046 510464 231849 510464 231913 510464 231879 510464 232005 510464 231899 510464 231883 510464 232011 510464 231947 510464 232007 510464 232009 510464 231896 510464 232024 510464 232002 510464 231762 510464 231908 510464 231879 510464 231764 510464 231980 510464 231768 510464 231920 510464 231791 510464 231961 510464 231802 510464 231896 510464 232057 510464 231910 510464 232078 510464 232106 510464 231988 510464 231985 510464 231991 510464 231714 510464 231886 510464 231945 510464 231900 510464 231877 510464 231902 510464 231904 510464 231959 510464 232017 510464 231893 510464 232000 510464 232000 510464 231835 510464 232043 510464 231951 510464 232026 510464 232027 510464 232042 510464 232000 510464 231893 510464 231865 510464 231940 510464 231834 510464 231932 510464 231963 510464 232069 510464 231850 510464 231995 510464 231966 510464 231939 510464 231972 510464 
246481 542464 246310 542464 246446 542464 246473 542464 246322 542464 246365 542464 246144 542464 246438 542464 246467 542464 246360 542464 246448 542464 246275 542464 246441 542464 246373 542464 246383 542464 246438 542464 246496 542464 246248 542464 246367 542464 246361 542464 246394 542464 246414 542464 246471 542464 246404 542464 246441 542464 246236 542464 246393 542464 246506 542464 246425 542464 246337 542464 246464 542464 246536 542464 246269 542464 246355 542464 246443 542464 246618 542464 246440 542464 246437 542464 246542 542464 246446 542464 246435 542464 246334 542464 246424 542464 246292 542464 246336 542464 246470 542464 246236 542464 246505 542464 246402 542464 246471 542464 246406 542464 246467 542464 246261 542464 246586 542464 246445 542464 246279 542464 246445 542464 246423 542464 246377 542464 246390 542464 246404 542464 246494 542464 246457 542464 246430 542464 246523 542464 246486 542464 246445 542464 246400 542464 246428 542464 246520 542464 246466 542464 246506 542464 246232 542464 246421 542464 246289 542464 246443 542464 246375 542464 246348 542464 246510 542464 246411 542464 246433 542464 246471 542464 246244 542464 246312 542464 246399 542464 246354 542464 246503 542464 246355 542464 246350 542464 246434 542464 246463 542464 246460 542464 246349 542464 246538 542464 246427 542464 246390 542464 246393 542464 246528 542464 246357 542464 246486 542464 
260967 574464 260815 574464 260857 574464 260868 574464 260845 574464 260863 574464 260777 574464 260921 574464 260961 574464 260983 574464 260799 574464 261014 574464 260962 574464 260890 574464 260976 574464 260864 574464 260910 574464 260928 574464 260930 574464 261052 574464 260951 574464 260911 574464 261075 574464 260804 574464 260987 574464 260621 574464 261030 574464 260933 574464 260974 574464 260962 574464 260812 574464 260720 574464 260882 574464 260915 574464 260836 574464 260808 574464 260998 574464 261070 574464 260686 574464 260979 574464 260972 574464 260766 574464 260750 574464 260884 574464 260667 574464 260850 574464 260977 574464 260784 574464 260915 574464 260939 574464 260877 574464 260714 574464 260823 574464 261031 574464 261163 574464 260973 574464 260813 574464 260918 574464 260766 574464 261072 574464 260876 574464 260910 574464 260939 574464 260893 574464 260872 574464 260989 574464 261005 574464 260916 574464 261079 574464 260926 574464 260865 574464 260952 574464 260927 574464 260884 574464 260911 574464 260928 574464 260804 574464 260936 574464 260967 574464 260837 574464 260890 574464 260738 574464 260926 574464 260770 574464 261016 574464 260809 574464 260724 574464 260745 574464 260830 574464 260932 574464 260800 574464 260830 574464 260837 574464 260939 574464 260847 574464 260859 574464 260886 574464 260911 574464 260990 574464 260916 574464 
275474 606464 275343 606464 275490 606464 275403 606464 275394 606464 275514 606464 275670 606464 275445 606464 275500 606464 275628 606464 275472 606464 275514 606464 275509 606464 275510 606464 275428 606464 275519 606464 275488 606464 275370 606464 275416 606464 275472 606464 275509 606464 275343 606464 275436 606464 275527 606464 275352 606464 275569 606464 275494 606464 275444 606464 275592 606464 275417 606464 275421 606464 275546 606464 275380 606464 275429 606464 275537 606464 275311 606464 275407 606464 275390 606464 275437 606464 275347 606464 275524 606464 275469 606464 275488 606464 275347 606464 275556 606464 275542 606464 275561 606464 275454 606464 275497 606464 275470 606464 275457 606464 275471 606464 275514 606464 275348 606464 275423 606464 275545 606464 275342 606464 275364 606464 275535 606464 275622 606464 275578 606464 275386 606464 275661 606464 275529 606464 275261 606464 275446 606464 275402 606464 275580 606464 275359 606464 275461 606464 275453 606464 275592 606464 275497 606464 275522 606464 275377 606464 275537 606464 275491 606464 275543 606464 275541 606464 275292 606464 275555 606464 275578 606464 275279 606464 275283 606464 275531 606464 275525 606464 275427 606464 275477 606464 275291 606464 275522 606464 275429 606464 275557 606464 275463 606464 275327 606464 275388 606464 275377 606464 275376 606464 275362 606464 275552 606464 275514 606464 
290128 638464 289918 638464 289834 638464 290103 638464 290070 638464 290122 638464 289998 638464 290091 638464 289891 638464 290002 638464 290161 638464 290038 638464 290013 638464 290182 638464 289965 638464 290010 638464 290016 638464 290119 638464 290041 638464 289995 638464 290135 638464 290009 638464 290223 638464 290077 638464 290085 638464 290022 638464 290215 638464 290094 638464 289985 638464 290068 638464 290005 638464 289999 638464 289968 638464 290036 638464 290225 638464 289964 638464 289994 638464 289962 638464 290087 638464 290133 638464 289885 638464 290101 638464 290222 638464 290047 638464 290092 638464 290300 638464 290065 638464 290135 638464 289943 638464 290165 638464 290111 638464 290016 638464 290013 638464 290020 638464 290107 638464 289953 638464 290031 638464 290066 638464 289969 638464 290013 638464 289934 638464 289941 638464 289853 638464 290119 638464 290089 638464 290112 638464 290022 638464 290079 638464 289980 638464 290060 638464 290096 638464 290132 638464 290180 638464 290108 638464 290148 638464 289851 638464 290093 638464 290121 638464 290053 638464 290009 638464 289976 638464 290052 638464 290071 638464 290180 638464 290129 638464 290055 638464 290162 638464 289969 638464 289973 638464 290116 638464 289976 638464 290099 638464 290002 638464 290034 638464 290031 638464 290024 638464 290149 638464 290062 638464 290026 638464 290101 638464 
304748 670464 304690 670464 304754 670464 304640 670464 304647 670464 304616 670464 304721 670464 304600 670464 304679 670464 304720 670464 304739 670464 304634 670464 304800 670464 304583 670464 304609 670464 304607 670464 304553 670464 304696 670464 304702 670464 304583 670464 304711 670464 304672 670464 304745 670464 304423 670464 304784 670464 304523 670464 304874 670464 304772 670464 304774 670464 304883 670464 304691 670464 304701 670464 304827 670464 304716 670464 304688 670464 304632 670464 304713 670464 304702 670464 304727 670464 304876 670464 304928 670464 304452 670464 304682 670464 304791 670464 304759 670464 304684 670464 304713 670464 304650 670464 304579 670464 304798 670464 304916 670464 304724 670464 304789 670464 304679 670464 304676 670464 304605 670464 304730 670464 304705 670464 304586 670464 304620 670464 304694 670464 304771 670464 304520 670464 304822 670464 304589 670464 304789 670464 304765 670464 304691 670464 304695 670464 304514 670464 304631 670464 304882 670464 304780 670464 304483 670464 304691 670464 304761 670464 304637 670464 304676 670464 304496 670464 304734 670464 304617 670464 304672 670464 304669 670464 304720 670464 304661 670464 304697 670464 304682 670464 304658 670464 304732 670464 304569 670464 304690 670464 304682 670464 304659 670464 304616 670464 304538 670464 304754 670464 304560 670464 304711 670464 304717 670464 304577 670464 
319361 702464 319483 702464 319512 702464 319331 702464 319473 702464 319281 702464 319484 702464 319436 702464 319314 702464 319434 702464 319351 702464 319355 702464 319394 702464 319293 702464 319496 702464 319361 702464 319354 702464 319359 702464 319241 702464 319308 702464 319246 702464 319379 702464 319250 702464 319247 702464 319312 702464 319268 702464 319269 702464 319448 702464 319526 702464 319321 702464 319367 702464 319430 702464 319501 702464 319323 702464 319297 702464 319480 702464 319294 702464 319206 702464 319307 702464 319411 702464 319345 702464 319354 702464 319358 702464 319335 702464 319356 702464 319440 702464 319345 702464 319441 702464 319268 702464 319207 702464 319371 702464 319404 702464 319435 702464 319412 702464 319235 702464 319463 702464 319312 702464 319405 702464 319467 702464 319269 702464 319187 702464 319098 702464 319193 702464 319399 702464 319442 702464 319290 702464 319193 702464 319499 702464 319377 702464 319384 702464 319433 702464 319442 702464 319261 702464 319406 702464 319213 702464 319364 702464 319299 702464 319300 702464 319411 702464 319299 702464 319418 702464 319365 702464 319242 702464 319456 702464 319199 702464 319331 702464 319272 702464 319347 702464 319481 702464 319423 702464 319674 702464 319244 702464 319275 702464 319463 702464 319117 702464 319389 702464 319411 702464 319463 702464 319480 702464 319264 702464 
334053 734464 334138 734464 333917 734464 334149 734464 334047 734464 334178 734464 334037 734464 334089 734464 334155 734464 334194 734464 334012 734464 334119 734464 333999 734464 334035 734464 333955 734464 334137 734464 334044 734464 333894 734464 334157 734464 334121 734464 334068 734464 333907 734464 334085 734464 333942 734464 334049 734464 334054 734464 334126 734464 334020 734464 334199 734464 333855 734464 334058 734464 334044 734464 334146 734464 334057 734464 333980 734464 334024 734464 334022 734464 334038 734464 334297 734464 334148 734464 334109 734464 334128 734464 333885 734464 333992 734464 334052 734464 334301 734464 334101 734464 334155 734464 334044 734464 333997 734464 334054 734464 334213 734464 334217 734464 334018 734464 334061 734464 334049 734464 334169 734464 334025 734464 334279 734464 334122 734464 333969 734464 334244 734464 333945 734464 334133 734464 333959 734464 334215 734464 334259 734464 334123 734464 334148 734464 334279 734464 334009 734464 334020 734464 334153 734464 333942 734464 333997 734464 333996 734464 334091 734464 334142 734464 334051 734464 334226 734464 334102 734464 333984 734464 334250 734464 334210 734464 334197 734464 334154 734464 334021 734464 334051 734464 334108 734464 334153 734464 334049 734464 333974 734464 334008 734464 334200 734464 334087 734464 334141 734464 334116 734464 334194 734464 334129 734464 334077 734464 
348990 766464 348970 766464 349037 766464 348985 766464 348749 766464 349039 766464 348764 766464 348843 766464 348984 766464 349160 766464 348803 766464 348883 766464 349015 766464 349083 766464 348921 766464 348849 766464 349016 766464 348936 766464 349005 766464 348866 766464 348924 766464 348942 766464 348872 766464 348948 766464 349023 766464 349064 766464 349078 766464 348930 766464 348968 766464 348974 766464 349011 766464 348880 766464 348887 766464 349061 766464 349078 766464 348864 766464 348961 766464 348911 766464 348890 766464 348927 766464 348868 766464 348771 766464 349172 766464 348859 766464 348996 766464 349018 766464 348991 766464 348989 766464 348874 766464 348935 766464 348910 766464 349044 766464 348963 766464 348948 766464 348853 766464 349091 766464 348945 766464 348972 766464 349108 766464 348890 766464 348988 766464 348902 766464 348924 766464 348794 766464 348965 766464 348979 766464 348941 766464 348902 766464 349091 766464 349147 766464 349144 766464 349002 766464 348876 766464 348901 766464 348777 766464 349127 766464 348818 766464 349116 766464 348973 766464 348879 766464 349011 766464 348911 766464 348848 766464 348917 766464 348982 766464 348934 766464 348911 766464 349002 766464 348888 766464 348923 766464 348891 766464 348882 766464 349005 766464 348958 766464 348864 766464 348819 766464 348975 766464 348875 766464 349000 766464 348960 766464 
363785 798464 363732 798464 363684 798464 363845 798464 363686 798464 363903 798464 363820 798464 363883 798464 363788 798464 363727 798464 363919 798464 363769 798464 363898 798464 363916 798464 363826 798464 363767 798464 363822 798464 363814 798464 363892 798464 363805 798464 363783 798464 363789 798464 363804 798464 363827 798464 363832 798464 363666 798464 363638 798464 363862 798464 363821 798464 363721 798464 363831 798464 363762 798464 363896 798464 364000 798464 363965 798464 363708 798464 363749 798464 363850 798464 363954 798464 363588 798464 363996 798464 363932 798464 363796 798464 363826 798464 363774 798464 363854 798464 363891 798464 363750 798464 363787 798464 363759 798464 363746 798464 363681 798464 363823 798464 363840 798464 363920 798464 363728 798464 363674 798464 363763 798464 363873 798464 363991 798464 364052 798464 363689 798464 363816 798464 363580 798464 363838 798464 363905 798464 363842 798464 363815 798464 363736 798464 363686 798464 363778 798464 363814 798464 363686 798464 363932 798464 363801 798464 363885 798464 363821 798464 363722 798464 363676 798464 363690 798464 363707 798464 363841 798464 363862 798464 364103 798464 363876 798464 363870 798464 363840 798464 363759 798464 363775 798464 363836 798464 363828 798464 363904 798464 363789 798464 363621 798464 363636 798464 363583 798464 363927 798464 363770 798464 363775 798464 363798 798464 
378731 830464 378805 830464 378822 830464 378763 830464 378792 830464 378786 830464 378774 830464 378635 830464 378543 830464 378947 830464 378589 830464 378791 830464 378715 830464 378751 830464 378547 830464 378790 830464 378697 830464 378733 830464 378714 830464 378825 830464 378800 830464 378647 830464 378637 830464 378705 830464 378845 830464 378797 830464 378641 830464 378814 830464 378868 830464 378676 830464 378477 830464 378659 830464 378475 830464 378657 830464 378543 830464 378684 830464 378472 830464 378711 830464 378648 830464 378640 830464 378812 830464 378548 830464 378590 830464 378873 830464 378741 830464 378745 830464 378624 830464 378762 830464 378845 830464 378677 830464 378712 830464 378591 830464 378638 830464 378637 830464 378848 830464 378701 830464 378788 830464 378674 830464 378671 830464 378722 830464 378853 830464 378833 830464 378867 830464 378784 830464 378699 830464 378758 830464 378781 830464 378782 830464 378653 830464 378715 830464 378906 830464 378778 830464 378716 830464 378767 830464 378590 830464 378715 830464 378731 830464 378735 830464 378773 830464 378823 830464 378592 830464 378643 830464 378700 830464 378767 830464 378680 830464 378741 830464 378730 830464 378680 830464 378612 830464 378893 830464 378768 830464 378761 830464 378643 830464 378878 830464 378699 830464 378755 830464 378878 830464 378645 830464 378802 830464 378805 830464 
393785 862464 393656 862464 393583 862464 393524 862464 393535 862464 393714 862464 393627 862464 393674 862464 393626 862464 393666 862464 393489 862464 393732 862464 393364 862464 393527 862464 393726 862464 393511 862464 393773 862464 393662 862464 393547 862464 393675 862464 393774 862464 393674 862464 393609 862464 393609 862464 393485 862464 393546 862464 393501 862464 393690 862464 393722 862464 393721 862464 393733 862464 393784 862464 393675 862464 393625 862464 393555 862464 393621 862464 393529 862464 393582 862464 393631 862464 393649 862464 393456 862464 393318 862464 393623 862464 393731 862464 393566 862464 393583 862464 393720 862464 393650 862464 393500 862464 393552 862464 393591 862464 393743 862464 393585 862464 393445 862464 393758 862464 393598 862464 393707 862464 393710 862464 393604 862464 393631 862464 393555 862464 393652 862464 393598 862464 393562 862464 393464 862464 393698 862464 393724 862464 393493 862464 393770 862464 393571 862464 393593 862464 393672 862464 393652 862464 393581 862464 393636 862464 393620 862464 393648 862464 393531 862464 393712 862464 393502 862464 393702 862464 393591 862464 393596 862464 393539 862464 393558 862464 393832 862464 393546 862464 393578 862464 393612 862464 393518 862464 393464 862464 393528 862464 393566 862464 393733 862464 393520 862464 393627 862464 393585 862464 393745 862464 393673 862464 393831 862464 
408681 894464 408608 894464 408703 894464 408555 894464 408717 894464 408729 894464 408607 894464 408565 894464 408531 894464 408641 894464 408475 894464 408684 894464 408736 894464 408597 894464 408616 894464 408664 894464 408676 894464 408724 894464 408426 894464 408450 894464 408767 894464 408484 894464 408545 894464 408525 894464 408600 894464 408814 894464 408500 894464 408607 894464 408614 894464 408653 894464 408479 894464 408577 894464 408601 894464 408488 894464 408596 894464 408708 894464 408679 894464 408620 894464 408668 894464 408467 894464 408630 894464 408788 894464 408482 894464 408682 894464 408547 894464 408508 894464 408628 894464 408549 894464 408601 894464 408619 894464 408484 894464 408555 894464 408514 894464 408745 894464 408424 894464 408531 894464 408583 894464 408760 894464 408588 894464 408620 894464 408358 894464 408598 894464 408541 894464 408456 894464 408646 894464 408663 894464 408741 894464 408597 894464 408566 894464 408620 894464 408645 894464 408440 894464 408631 894464 408575 894464 408625 894464 408585 894464 408675 894464 408458 894464 408613 894464 408730 894464 408599 894464 408472 894464 408327 894464 408520 894464 408741 894464 408636 894464 408550 894464 408687 894464 408626 894464 408514 894464 408518 894464 408552 894464 408525 894464 408717 894464 408614 894464 408700 894464 408467 894464 408512 894464 408584 894464 408798 894464 
423480 926464 423517 926464 423753 926464 423635 926464 423484 926464 423634 926464 423696 926464 423657 926464 423471 926464 423703 926464 423553 926464 423541 926464 423611 926464 423577 926464 423549 926464 423377 926464 423480 926464 423696 926464 423630 926464 423509 926464 423531 926464 423347 926464 423606 926464 423677 926464 423659 926464 423767 926464 423624 926464 423535 926464 423555 926464 423422 926464 423694 926464 423584 926464 423566 926464 423667 926464 423497 926464 423601 926464 423525 926464 423378 926464 423374 926464 423571 926464 423660 926464 423547 926464 423503 926464 423438 926464 423576 926464 423484 926464 423541 926464 423488 926464 423630 926464 423675 926464 423824 926464 423597 926464 423534 926464 423440 926464 423502 926464 423511 926464 423699 926464 423594 926464 423476 926464 423583 926464 423511 926464 423394 926464 423583 926464 423775 926464 423580 926464 423478 926464 423611 926464 423480 926464 423521 926464 423417 926464 423530 926464 423591 926464 423594 926464 423476 926464 423536 926464 423583 926464 423535 926464 423887 926464 423645 926464 423584 926464 423872 926464 423570 926464 423609 926464 423661 926464 423522 926464 423561 926464 423754 926464 423447 926464 423462 926464 423769 926464 423408 926464 423475 926464 423619 926464 423593 926464 423475 926464 423353 926464 423579 926464 423612 926464 423495 926464 423602 926464 
438482 958464 438330 958464 438361 958464 438705 958464 438514 958464 438547 958464 438688 958464 438651 958464 438506 958464 438529 958464 438547 958464 438650 958464 438471 958464 438417 958464 438525 958464 438589 958464 438681 958464 438384 958464 438523 958464 438475 958464 438587 958464 438575 958464 438671 958464 438528 958464 438628 958464 438602 958464 438743 958464 438480 958464 438545 958464 438534 958464 438568 958464 438522 958464 438652 958464 438631 958464 438537 958464 438599 958464 438500 958464 438572 958464 438683 958464 438447 958464 438451 958464 438607 958464 438459 958464 438405 958464 438480 958464 438426 958464 438588 958464 438377 958464 438512 958464 438577 958464 438482 958464 438445 958464 438668 958464 438515 958464 438521 958464 438440 958464 438531 958464 438632 958464 438412 958464 438675 958464 438651 958464 438589 958464 438506 958464 438557 958464 438530 958464 438601 958464 438288 958464 438665 958464 438614 958464 438677 958464 438525 958464 438749 958464 438434 958464 438566 958464 438503 958464 438641 958464 438554 958464 438587 958464 438544 958464 438472 958464 438440 958464 438652 958464 438367 958464 438673 958464 438531 958464 438346 958464 438675 958464 438621 958464 438630 958464 438537 958464 438668 958464 438680 958464 438640 958464 438582 958464 438430 958464 438600 958464 438520 958464 438478 958464 438535 958464 438488 958464 
453603 990928 453658 990928 453680 990928 453660 990928 453689 990928 453771 990928 453797 990928 453852 990928 453709 990928 453610 990928 453691 990928 453667 990928 453792 990928 453752 990928 453565 990928 453532 990928 453428 990928 453813 990928 453501 990928 453707 990928 453574 990928 453783 990928 453703 990928 453618 990928 453462 990928 453584 990928 453727 990928 453653 990928 453704 990928 453803 990928 453566 990928 453697 990928 453705 990928 453706 990928 453548 990928 453675 990928 453817 990928 453842 990928 453736 990928 453642 990928 453460 990928 453615 990928 453625 990928 453504 990928 453680 990928 453953 990928 453544 990928 453756 990928 453689 990928 453831 990928 453535 990928 453649 990928 453482 990928 453764 990928 453540 990928 453632 990928 453433 990928 453718 990928 453692 990928 453795 990928 453631 990928 453415 990928 453739 990928 453674 990928 453579 990928 453532 990928 453655 990928 453678 990928 453660 990928 453639 990928 453408 990928 453603 990928 453591 990928 453653 990928 453674 990928 453694 990928 453789 990928 453786 990928 453660 990928 453554 990928 453596 990928 453561 990928 453674 990928 453690 990928 453595 990928 453822 990928 453548 990928 453564 990928 453568 990928 453576 990928 453693 990928 453520 990928 453504 990928 453680 990928 453661 990928 453626 990928 453616 990928 453615 990928 453752 990928 453669 990928 
469094 1024928 469106 1024928 468963 1024928 468983 1024928 468880 1024928 468871 1024928 469211 1024928 468967 1024928 468892 1024928 469199 1024928 469113 1024928 469252 1024928 469106 1024928 469145 1024928 469109 1024928 469061 1024928 468934 1024928 468938 1024928 469160 1024928 468964 1024928 468954 1024928 469037 1024928 469066 1024928 469014 1024928 468897 1024928 469196 1024928 468848 1024928 469088 1024928 469069 1024928 469164 1024928 468973 1024928 468900 1024928 468866 1024928 468994 1024928 469161 1024928 469040 1024928 469116 1024928 469256 1024928 469103 1024928 469198 1024928 469016 1024928 468871 1024928 469074 1024928 469214 1024928 468877 1024928 468977 1024928 469093 1024928 469150 1024928 468980 1024928 469061 1024928 469205 1024928 469144 1024928 469114 1024928 468949 1024928 468928 1024928 469089 1024928 468749 1024928 469019 1024928 469049 1024928 469023 1024928 469030 1024928 469044 1024928 469001 1024928 469080 1024928 468899 1024928 469010 1024928 468963 1024928 469046 1024928 469094 1024928 469145 1024928 468995 1024928 469080 1024928 469055 1024928 469133 1024928 468953 1024928 468937 1024928 469144 1024928 469151 1024928 469078 1024928 469029 1024928 469107 1024928 469160 1024928 469141 1024928 468981 1024928 469073 1024928 468943 1024928 469054 1024928 469145 1024928 469073 1024928 469109 1024928 469170 1024928 469087 1024928 469234 1024928 469092 1024928 469135 1024928 469239 1024928 469024 1024928 469166 1024928 468939 1024928 469154 1024928 
484443 1058928 484632 1058928 484436 1058928 484354 1058928 484465 1058928 484445 1058928 484397 1058928 484539 1058928 484481 1058928 484566 1058928 484304 1058928 484606 1058928 484609 1058928 484448 1058928 484513 1058928 484445 1058928 484573 1058928 484377 1058928 484586 1058928 484453 1058928 484508 1058928 484471 1058928 484661 1058928 484473 1058928 484501 1058928 484471 1058928 484556 1058928 484480 1058928 484432 1058928 484461 1058928 484537 1058928 484541 1058928 484327 1058928 484339 1058928 484496 1058928 484277 1058928 484422 1058928 484481 1058928 484503 1058928 484606 1058928 484497 1058928 484584 1058928 484444 1058928 484330 1058928 484426 1058928 484456 1058928 484591 1058928 484370 1058928 484276 1058928 484468 1058928 484492 1058928 484449 1058928 484483 1058928 484590 1058928 484462 1058928 484330 1058928 484438 1058928 484358 1058928 484471 1058928 484463 1058928 484449 1058928 484533 1058928 484365 1058928 484516 1058928 484511 1058928 484515 1058928 484530 1058928 484430 1058928 484396 1058928 484672 1058928 484468 1058928 484445 1058928 484584 1058928 484504 1058928 484516 1058928 484434 1058928 484667 1058928 484512 1058928 484412 1058928 484538 1058928 484497 1058928 484319 1058928 484581 1058928 484464 1058928 484248 1058928 484596 1058928 484491 1058928 484642 1058928 484346 1058928 484560 1058928 484411 1058928 484414 1058928 484257 1058928 484446 1058928 484353 1058928 484529 1058928 484600 1058928 484472 1058928 484400 1058928 484517 1058928 
500036 1092928 499897 1092928 499857 1092928 499865 1092928 500151 1092928 500219 1092928 499709 1092928 499780 1092928 499930 1092928 499864 1092928 499710 1092928 499802 1092928 499913 1092928 499854 1092928 499804 1092928 499946 1092928 499880 1092928 499885 1092928 500017 1092928 499710 1092928 499930 1092928 500020 1092928 499991 1092928 500021 1092928 499762 1092928 499863 1092928 499785 1092928 499909 1092928 500012 1092928 500064 1092928 500047 1092928 499959 1092928 500030 1092928 500041 1092928 499869 1092928 500024 1092928 499966 1092928 499783 1092928 499934 1092928 499881 1092928 499815 1092928 499740 1092928 499787 1092928 499691 1092928 500087 1092928 500033 1092928 499826 1092928 499950 1092928 499887 1092928 500002 1092928 499855 1092928 499882 1092928 500142 1092928 499884 1092928 499865 1092928 499972 1092928 499921 1092928 499839 1092928 499784 1092928 499868 1092928 499999 1092928 499716 1092928 499769 1092928 500110 1092928 499999 1092928 500028 1092928 499845 1092928 499666 1092928 499906 1092928 499910 1092928 499983 1092928 499803 1092928 500090 1092928 500129 1092928 499781 1092928 499814 1092928 499702 1092928 499816 1092928 499808 1092928 499842 1092928 500010 1092928 499943 1092928 500043 1092928 499621 1092928 499853 1092928 499897 1092928 499930 1092928 499935 1092928 499760 1092928 499948 1092928 500023 1092928 499894 1092928 499829 1092928 499853 1092928 499698 1092928 499772 1092928 499809 1092928 499923 1092928 500065 1092928 499752 1092928 
515189 1126928 515312 1126928 515399 1126928 515326 1126928 515004 1126928 515321 1126928 515460 1126928 515205 1126928 515525 1126928 515447 1126928 515452 1126928 515481 1126928 515259 1126928 515402 1126928 515481 1126928 515196 1126928 515416 1126928 515046 1126928 515310 1126928 515122 1126928 515168 1126928 515269 1126928 515390 1126928 515386 1126928 515557 1126928 515267 1126928 515222 1126928 515314 1126928 515330 1126928 515271 1126928 515453 1126928 515266 1126928 515287 1126928 515337 1126928 515355 1126928 515281 1126928 515186 1126928 515470 1126928 515227 1126928 515210 1126928 515383 1126928 515356 1126928 515132 1126928 515236 1126928 515424 1126928 515250 1126928 515614 1126928 515334 1126928 515310 1126928 515141 1126928 515388 1126928 515063 1126928 515297 1126928 515570 1126928 515363 1126928 515464 1126928 515413 1126928 515225 1126928 515396 1126928 515237 1126928 515498 1126928 515449 1126928 515531 1126928 515302 1126928 515095 1126928 515213 1126928 515393 1126928 515398 1126928 515356 1126928 515451 1126928 515105 1126928 515164 1126928 515454 1126928 515360 1126928 515381 1126928 515394 1126928 515356 1126928 515509 1126928 515448 1126928 515342 1126928 515434 1126928 515384 1126928 515174 1126928 515339 1126928 515420 1126928 515350 1126928 515388 1126928 515448 1126928 515358 1126928 515154 1126928 515274 1126928 515379 1126928 515488 1126928 515379 1126928 515671 1126928 515410 1126928 515390 1126928 515372 1126928 515253 1126928 515393 1126928 
530934 1160928 530827 1160928 530935 1160928 530936 1160928 530796 1160928 530986 1160928 530882 1160928 530637 1160928 531175 1160928 530940 1160928 530801 1160928 530735 1160928 530873 1160928 530698 1160928 530852 1160928 530800 1160928 530800 1160928 531219 1160928 530645 1160928 530644 1160928 530771 1160928 530818 1160928 530795 1160928 530884 1160928 530986 1160928 530914 1160928 530795 1160928 530722 1160928 530848 1160928 530904 1160928 531001 1160928 530861 1160928 530840 1160928 530713 1160928 530912 1160928 530822 1160928 530867 1160928 530904 1160928 530798 1160928 530709 1160928 530747 1160928 531006 1160928 530935 1160928 530710 1160928 531024 1160928 530716 1160928 530966 1160928 530998 1160928 530822 1160928 530898 1160928 530643 1160928 530890 1160928 530767 1160928 531078 1160928 531017 1160928 530699 1160928 530687 1160928 530710 1160928 530957 1160928 530814 1160928 530986 1160928 530760 1160928 530786 1160928 530970 1160928 530893 1160928 530711 1160928 530677 1160928 530800 1160928 530923 1160928 530736 1160928 530899 1160928 530911 1160928 530982 1160928 530792 1160928 530754 1160928 530857 1160928 530814 1160928 530785 1160928 530925 1160928 530680 1160928 530794 1160928 530977 1160928 530724 1160928 530743 1160928 530669 1160928 530948 1160928 530864 1160928 531080 1160928 531052 1160928 530812 1160928 530875 1160928 530876 1160928 530650 1160928 530852 1160928 530750 1160928 530666 1160928 530849 1160928 530939 1160928 530660 1160928 530605 1160928 
546263 1194928 546361 1194928 546489 1194928 546386 1194928 546313 1194928 546431 1194928 546349 1194928 546058 1194928 546340 1194928 546315 1194928 546290 1194928 546247 1194928 546299 1194928 546232 1194928 546357 1194928 546251 1194928 546362 1194928 546186 1194928 546303 1194928 546443 1194928 546239 1194928 546226 1194928 546324 1194928 546460 1194928 546495 1194928 546394 1194928 546420 1194928 546320 1194928 546319 1194928 546326 1194928 546179 1194928 546198 1194928 546382 1194928 546382 1194928 546354 1194928 546311 1194928 546490 1194928 546289 1194928 546437 1194928 546409 1194928 546351 1194928 546291 1194928 546352 1194928 546263 1194928 546367 1194928 546235 1194928 546128 1194928 546062 1194928 546109 1194928 546370 1194928 546226 1194928 546317 1194928 546303 1194928 546325 1194928 546466 1194928 546086 1194928 546390 1194928 546371 1194928 546486 1194928 546323 1194928 546282 1194928 546410 1194928 546338 1194928 546050 1194928 546380 1194928 546388 1194928 546475 1194928 546433 1194928 546366 1194928 545995 1194928 546434 1194928 546388 1194928 546449 1194928 546114 1194928 546352 1194928 546275 1194928 546382 1194928 546069 1194928 546288 1194928 546360 1194928 546199 1194928 546221 1194928 546338 1194928 546377 1194928 546517 1194928 546267 1194928 546444 1194928 546359 1194928 546551 1194928 546129 1194928 546206 1194928 546151 1194928 546191 1194928 546237 1194928 546259 1194928 546193 1194928 546253 1194928 546255 1194928 546250 1194928 546251 1194928 
561888 1228928 561792 1228928 561879 1228928 561886 1228928 561781 1228928 561885 1228928 562000 1228928 561837 1228928 561779 1228928 562068 1228928 562141 1228928 561774 1228928 561670 1228928 561924 1228928 561823 1228928 561937 1228928 561832 1228928 561698 1228928 561931 1228928 561817 1228928 561675 1228928 561878 1228928 561819 1228928 561879 1228928 561814 1228928 561603 1228928 561945 1228928 561599 1228928 561851 1228928 561763 1228928 561831 1228928 561764 1228928 561865 1228928 561877 1228928 561676 1228928 561840 1228928 561664 1228928 561882 1228928 561610 1228928 561857 1228928 561822 1228928 561856 1228928 561864 1228928 562005 1228928 561994 1228928 561863 1228928 561834 1228928 561783 1228928 561836 1228928 561683 1228928 561982 1228928 561636 1228928 561915 1228928 561710 1228928 561926 1228928 561799 1228928 561932 1228928 561595 1228928 561686 1228928 561533 1228928 561740 1228928 561879 1228928 561813 1228928 562057 1228928 561611 1228928 561896 1228928 561614 1228928 561837 1228928 561849 1228928 561865 1228928 561829 1228928 561780 1228928 561807 1228928 561966 1228928 561745 1228928 561934 1228928 562010 1228928 561732 1228928 562008 1228928 561800 1228928 561818 1228928 561822 1228928 561779 1228928 561809 1228928 561804 1228928 561850 1228928 561721 1228928 562090 1228928 561883 1228928 561766 1228928 561874 1228928 561754 1228928 561979 1228928 561782 1228928 561884 1228928 561698 1228928 561737 1228928 561940 1228928 561935 1228928 561681 1228928 
577465 1262928 577470 1262928 577377 1262928 577196 1262928 577195 1262928 577241 1262928 576981 1262928 577352 1262928 577339 1262928 577347 1262928 577168 1262928 577386 1262928 577255 1262928 577423 1262928 577507 1262928 577371 1262928 577329 1262928 577218 1262928 577130 1262928 577344 1262928 577453 1262928 577146 1262928 577202 1262928 577631 1262928 577379 1262928 577438 1262928 577209 1262928 577187 1262928 577403 1262928 577189 1262928 577271 1262928 577131 1262928 577253 1262928 577294 1262928 577277 1262928 577295 1262928 577248 1262928 577253 1262928 577364 1262928 577444 1262928 577107 1262928 577249 1262928 577339 1262928 577316 1262928 577112 1262928 577201 1262928 577360 1262928 577406 1262928 577285 1262928 577273 1262928 577173 1262928 577315 1262928 577365 1262928 577328 1262928 577270 1262928 577382 1262928 577295 1262928 577497 1262928 577306 1262928 577250 1262928 577265 1262928 577376 1262928 577353 1262928 577175 1262928 577134 1262928 577216 1262928 577530 1262928 577423 1262928 577264 1262928 577379 1262928 577130 1262928 577453 1262928 577288 1262928 577372 1262928 577467 1262928 577212 1262928 577110 1262928 577287 1262928 577133 1262928 577321 1262928 577434 1262928 577494 1262928 577176 1262928 577235 1262928 577549 1262928 577413 1262928 577172 1262928 577235 1262928 577026 1262928 577178 1262928 577357 1262928 577241 1262928 577352 1262928 577425 1262928 577401 1262928 577330 1262928 577445 1262928 577192 1262928 577344 1262928 577223 1262928 
593112 1296928 592820 1296928 593014 1296928 592861 1296928 593199 1296928 592993 1296928 592749 1296928 592976 1296928 592914 1296928 592732 1296928 592824 1296928 592959 1296928 592846 1296928 592838 1296928 593015 1296928 592943 1296928 592767 1296928 593146 1296928 592773 1296928 592955 1296928 592837 1296928 592946 1296928 592966 1296928 592812 1296928 592701 1296928 592838 1296928 593076 1296928 592712 1296928 592922 1296928 593004 1296928 592926 1296928 592972 1296928 592902 1296928 592770 1296928 592887 1296928 592791 1296928 593055 1296928 593008 1296928 592759 1296928 592731 1296928 592846 1296928 592919 1296928 592816 1296928 592875 1296928 592903 1296928 592948 1296928 592913 1296928 592991 1296928 592911 1296928 593003 1296928 592964 1296928 592819 1296928 592891 1296928 592754 1296928 592887 1296928 593006 1296928 592829 1296928 592842 1296928 592808 1296928 592945 1296928 592936 1296928 592773 1296928 592832 1296928 593087 1296928 592757 1296928 593055 1296928 593006 1296928 593067 1296928 592886 1296928 592991 1296928 592929 1296928 592840 1296928 592782 1296928 592959 1296928 592975 1296928 592826 1296928 592986 1296928 592988 1296928 593016 1296928 592822 1296928 593021 1296928 592885 1296928 592751 1296928 592852 1296928 592904 1296928 593070 1296928 592913 1296928 592952 1296928 592883 1296928 592787 1296928 592756 1296928 592863 1296928 592899 1296928 592904 1296928 593149 1296928 593011 1296928 592948 1296928 592978 1296928 593085 1296928 592987 1296928 
608600 1330928 608393 1330928 608600 1330928 608407 1330928 608725 1330928 608654 1330928 608697 1330928 608525 1330928 608375 1330928 608604 1330928 608521 1330928 608706 1330928 608607 1330928 608459 1330928 608429 1330928 608421 1330928 608591 1330928 608609 1330928 608515 1330928 608594 1330928 608435 1330928 608567 1330928 608450 1330928 608466 1330928 608555 1330928 608249 1330928 608561 1330928 608443 1330928 608488 1330928 608654 1330928 608680 1330928 608512 1330928 608572 1330928 608498 1330928 608531 1330928 608481 1330928 608655 1330928 608581 1330928 608732 1330928 608575 1330928 608338 1330928 608461 1330928 608449 1330928 608528 1330928 608466 1330928 608755 1330928 608269 1330928 608336 1330928 608653 1330928 608382 1330928 608377 1330928 608494 1330928 608717 1330928 608646 1330928 608518 1330928 608533 1330928 608814 1330928 608533 1330928 608329 1330928 608238 1330928 608371 1330928 608312 1330928 608529 1330928 608655 1330928 608623 1330928 608821 1330928 608857 1330928 608445 1330928 608473 1330928 608250 1330928 608444 1330928 608573 1330928 608638 1330928 608628 1330928 608565 1330928 608571 1330928 608417 1330928 608199 1330928 608736 1330928 608419 1330928 608477 1330928 608588 1330928 608454 1330928 608581 1330928 608047 1330928 608493 1330928 608607 1330928 608419 1330928 608643 1330928 608528 1330928 608694 1330928 608285 1330928 608529 1330928 608442 1330928 608565 1330928 608591 1330928 608432 1330928 608302 1330928 608560 1330928 608484 1330928 
624127 1364928 624148 1364928 623999 1364928 624229 1364928 623919 1364928 624061 1364928 624160 1364928 624072 1364928 624186 1364928 623994 1364928 624364 1364928 624352 1364928 624124 1364928 624163 1364928 624219 1364928 624177 1364928 624290 1364928 624096 1364928 624221 1364928 624106 1364928 624070 1364928 624193 1364928 624115 1364928 624283 1364928 624284 1364928 624167 1364928 624148 1364928 624113 1364928 624127 1364928 623968 1364928 624162 1364928 624101 1364928 624163 1364928 624149 1364928 623995 1364928 624011 1364928 624394 1364928 624077 1364928 623972 1364928 624093 1364928 623944 1364928 624104 1364928 624203 1364928 624338 1364928 624219 1364928 624136 1364928 624076 1364928 624260 1364928 624165 1364928 624144 1364928 624235 1364928 624010 1364928 624049 1364928 624202 1364928 624184 1364928 624029 1364928 624101 1364928 624236 1364928 624168 1364928 624195 1364928 624221 1364928 624086 1364928 624262 1364928 624044 1364928 623991 1364928 623995 1364928 624086 1364928 624024 1364928 624174 1364928 624042 1364928 624023 1364928 623944 1364928 624064 1364928 623924 1364928 624088 1364928 623960 1364928 624116 1364928 624202 1364928 624069 1364928 624134 1364928 624058 1364928 623992 1364928 624241 1364928 624037 1364928 624240 1364928 624154 1364928 624094 1364928 624019 1364928 624082 1364928 624053 1364928 624015 1364928 624224 1364928 624227 1364928 624095 1364928 624109 1364928 624162 1364928 624068 1364928 623940 1364928 624053 1364928 623982 1364928 
639653 1398928 639725 1398928 639799 1398928 639701 1398928 639567 1398928 639655 1398928 639815 1398928 639738 1398928 639754 1398928 639764 1398928 639716 1398928 639698 1398928 639680 1398928 639599 1398928 639837 1398928 639574 1398928 639757 1398928 639846 1398928 639597 1398928 639694 1398928 639771 1398928 639590 1398928 639706 1398928 639838 1398928 639678 1398928 639769 1398928 639795 1398928 639666 1398928 639830 1398928 639907 1398928 639700 1398928 639804 1398928 639709 1398928 639912 1398928 639484 1398928 639495 1398928 639920 1398928 639711 1398928 639752 1398928 639810 1398928 639568 1398928 639661 1398928 639567 1398928 639663 1398928 639821 1398928 639727 1398928 639892 1398928 639923 1398928 639845 1398928 639672 1398928 639685 1398928 639723 1398928 639616 1398928 639736 1398928 639882 1398928 639907 1398928 639807 1398928 639780 1398928 639761 1398928 639558 1398928 639721 1398928 639790 1398928 639718 1398928 639748 1398928 639548 1398928 639816 1398928 639626 1398928 639685 1398928 640119 1398928 639875 1398928 639801 1398928 639580 1398928 639831 1398928 639694 1398928 639755 1398928 639812 1398928 639985 1398928 639702 1398928 639711 1398928 639655 1398928 639624 1398928 639853 1398928 639742 1398928 639809 1398928 639937 1398928 639945 1398928 639749 1398928 639794 1398928 639630 1398928 639851 1398928 639647 1398928 639635 1398928 639793 1398928 639807 1398928 639797 1398928 639741 1398928 639903 1398928 639716 1398928 639968 1398928 639800 1398928 
655572 1432928 655388 1432928 655386 1432928 655744 1432928 655306 1432928 655680 1432928 655351 1432928 655715 1432928 655535 1432928 655755 1432928 655383 1432928 655190 1432928 655624 1432928 655279 1432928 655483 1432928 655475 1432928 655328 1432928 655492 1432928 655370 1432928 655260 1432928 655228 1432928 655399 1432928 655338 1432928 655300 1432928 655730 1432928 655407 1432928 655195 1432928 655314 1432928 655549 1432928 655362 1432928 655476 1432928 655433 1432928 655173 1432928 655414 1432928 655399 1432928 655442 1432928 655290 1432928 655485 1432928 655364 1432928 655425 1432928 655218 1432928 655423 1432928 655309 1432928 655404 1432928 655467 1432928 655415 1432928 655520 1432928 655406 1432928 655386 1432928 655381 1432928 655144 1432928 655430 1432928 655360 1432928 655337 1432928 655406 1432928 655283 1432928 655259 1432928 655539 1432928 655212 1432928 655467 1432928 655558 1432928 655301 1432928 655514 1432928 655686 1432928 655403 1432928 655166 1432928 655358 1432928 655184 1432928 655445 1432928 655562 1432928 655547 1432928 655413 1432928 655395 1432928 655265 1432928 655480 1432928 655390 1432928 655592 1432928 655443 1432928 655574 1432928 655446 1432928 655430 1432928 655177 1432928 655450 1432928 655474 1432928 655318 1432928 655338 1432928 655583 1432928 655451 1432928 655485 1432928 655467 1432928 655340 1432928 655590 1432928 655339 1432928 655388 1432928 655428 1432928 655408 1432928 655313 1432928 655516 1432928 655319 1432928 655312 1432928 
670923 1466928 670887 1466928 670886 1466928 671215 1466928 671179 1466928 671129 1466928 671124 1466928 670846 1466928 671055 1466928 670943 1466928 671106 1466928 670983 1466928 670988 1466928 671155 1466928 671081 1466928 671188 1466928 671135 1466928 671057 1466928 671042 1466928 671306 1466928 670952 1466928 670944 1466928 670891 1466928 670714 1466928 670987 1466928 671131 1466928 670946 1466928 671074 1466928 671096 1466928 671257 1466928 671034 1466928 670867 1466928 670912 1466928 671050 1466928 671010 1466928 670905 1466928 671189 1466928 671024 1466928 671335 1466928 671075 1466928 671047 1466928 671104 1466928 671153 1466928 670927 1466928 670956 1466928 670917 1466928 671060 1466928 671121 1466928 670857 1466928 671041 1466928 671066 1466928 671086 1466928 671196 1466928 671002 1466928 671020 1466928 671088 1466928 671198 1466928 671125 1466928 670775 1466928 671091 1466928 671239 1466928 671085 1466928 670928 1466928 670825 1466928 671143 1466928 671035 1466928 671113 1466928 671039 1466928 670988 1466928 670861 1466928 670833 1466928 670915 1466928 671127 1466928 671006 1466928 671159 1466928 671106 1466928 670804 1466928 670988 1466928 670909 1466928 670911 1466928 670857 1466928 670830 1466928 670913 1466928 671194 1466928 671170 1466928 671123 1466928 670893 1466928 671001 1466928 670946 1466928 671032 1466928 671099 1466928 671019 1466928 670828 1466928 671011 1466928 671049 1466928 670947 1466928 670873 1466928 671064 1466928 670948 1466928 671076 1466928 
686261 1500928 686705 1500928 686649 1500928 686722 1500928 686506 1500928 686494 1500928 686831 1500928 686744 1500928 686565 1500928 686719 1500928 686943 1500928 686841 1500928 686645 1500928 686618 1500928 686724 1500928 686714 1500928 686549 1500928 686799 1500928 686701 1500928 686524 1500928 686999 1500928 686708 1500928 686739 1500928 686787 1500928 686872 1500928 686803 1500928 686516 1500928 686538 1500928 686681 1500928 686674 1500928 686802 1500928 686888 1500928 686597 1500928 686729 1500928 686660 1500928 686965 1500928 686948 1500928 686706 1500928 686553 1500928 686794 1500928 686839 1500928 686664 1500928 686701 1500928 686583 1500928 686917 1500928 686816 1500928 686770 1500928 686715 1500928 686618 1500928 686711 1500928 686802 1500928 686591 1500928 686884 1500928 686671 1500928 686642 1500928 686750 1500928 686827 1500928 686377 1500928 686425 1500928 686617 1500928 686592 1500928 686966 1500928 686838 1500928 686606 1500928 686815 1500928 686548 1500928 686772 1500928 686617 1500928 686768 1500928 686681 1500928 686547 1500928 686519 1500928 686589 1500928 686517 1500928 686799 1500928 686777 1500928 686744 1500928 686637 1500928 686713 1500928 686755 1500928 686691 1500928 686728 1500928 686442 1500928 686773 1500928 686880 1500928 686844 1500928 686494 1500928 686423 1500928 686663 1500928 686663 1500928 686738 1500928 686696 1500928 686642 1500928 686655 1500928 686683 1500928 686808 1500928 686822 1500928 686839 1500928 686748 1500928 686742 1500928 
702273 1534928 702454 1534928 702279 1534928 702458 1534928 702402 1534928 702259 1534928 702512 1534928 702259 1534928 702386 1534928 702360 1534928 702303 1534928 702161 1534928 702450 1534928 702580 1534928 702129 1534928 702332 1534928 702286 1534928 702493 1534928 702463 1534928 702628 1534928 702223 1534928 701993 1534928 702397 1534928 702297 1534928 702297 1534928 702352 1534928 702351 1534928 702433 1534928 702467 1534928 702292 1534928 702560 1534928 702437 1534928 702430 1534928 702372 1534928 702020 1534928 702401 1534928 702248 1534928 702250 1534928 702436 1534928 702650 1534928 702290 1534928 702281 1534928 702194 1534928 702580 1534928 702285 1534928 702717 1534928 702343 1534928 702221 1534928 702374 1534928 702249 1534928 702465 1534928 702501 1534928 702157 1534928 702379 1534928 702131 1534928 702455 1534928 702416 1534928 702451 1534928 702279 1534928 702321 1534928 702332 1534928 702500 1534928 702285 1534928 702384 1534928 702347 1534928 702149 1534928 702508 1534928 702305 1534928 702445 1534928 702222 1534928 702256 1534928 702414 1534928 702334 1534928 702492 1534928 702420 1534928 702376 1534928 702306 1534928 702257 1534928 702201 1534928 702514 1534928 702475 1534928 702113 1534928 702443 1534928 702578 1534928 702289 1534928 702223 1534928 702204 1534928 702374 1534928 702420 1534928 702256 1534928 702632 1534928 702240 1534928 702361 1534928 702182 1534928 702564 1534928 702222 1534928 702488 1534928 702397 1534928 702296 1534928 702488 1534928 
718277 1568928 718284 1568928 718182 1568928 718173 1568928 717966 1568928 718247 1568928 718317 1568928 718073 1568928 718222 1568928 718073 1568928 718116 1568928 718214 1568928 718237 1568928 718106 1568928 718046 1568928 718299 1568928 718035 1568928 718078 1568928 718350 1568928 718255 1568928 718129 1568928 718208 1568928 718053 1568928 718350 1568928 717994 1568928 718032 1568928 718017 1568928 718168 1568928 718215 1568928 718153 1568928 718083 1568928 718246 1568928 718311 1568928 718234 1568928 718315 1568928 718111 1568928 718067 1568928 717996 1568928 718330 1568928 718264 1568928 718037 1568928 718442 1568928 718190 1568928 718263 1568928 718201 1568928 718365 1568928 718170 1568928 718326 1568928 718109 1568928 718306 1568928 718293 1568928 718206 1568928 718387 1568928 718256 1568928 718200 1568928 718161 1568928 718240 1568928 718187 1568928 718237 1568928 718149 1568928 718157 1568928 718229 1568928 718151 1568928 718087 1568928 718265 1568928 717950 1568928 718291 1568928 718237 1568928 718213 1568928 718209 1568928 718149 1568928 717953 1568928 718051 1568928 717974 1568928 718181 1568928 718124 1568928 718225 1568928 718099 1568928 718267 1568928 718243 1568928 718159 1568928 718162 1568928 718086 1568928 718069 1568928 718142 1568928 718313 1568928 718078 1568928 718221 1568928 717842 1568928 718088 1568928 718088 1568928 718329 1568928 717820 1568928 718229 1568928 718236 1568928 718156 1568928 718100 1568928 718221 1568928 718310 1568928 717839 1568928 
