9138 9842 9130 9856 9158 9827 9130 9815 9118 9810 9129 9799 9098 9769 9098 9859 9154 9857 9172 9859 9134 9818 9162 9846 9124 9835 9163 9848 9133 9846 9133 9827 9148 9880 9150 9881 9143 9896 9170 9865 9155 9864 9148 9844 9169 9829 9115 9814 9098 9814 9132 9835 9133 9786 9163 9895 9152 9836 9157 9843 9151 9851 9147 9836 9159 9849 9129 9808 9135 9798 9121 9789 9193 9910 9146 9824 9159 9860 9180 9872 9130 9822 9100 9811 9135 9847 9184 9849 9130 9875 9161 9861 9166 9853 9122 9841 9145 9852 9145 9864 9141 9835 9123 9790 9101 9785 9141 9835 9125 9837 9098 9818 9166 9854 9153 9841 9149 9886 9174 9856 9155 9822 9152 9812 9130 9827 9135 9813 9185 9872 9125 9835 9134 9812 9183 9902 9138 9841 9140 9877 9118 9832 9167 9844 9165 9821 9146 9848 9127 9855 9138 9848 9169 9823 9183 9870 9160 9830 9127 9793 9158 9879 9124 9825 9174 9817 9154 9853 9120 9834 9143 9854 9112 9798 9121 9813 9108 9803 9135 9846 9135 9874 9152 9829 9119 9805 9128 9816 9155 9872 9150 9827 9123 9805 9096 9770 9167 9878 9163 9872 
20245 21656 20195 21554 20252 21618 20379 21775 20314 21688 20254 21648 20242 21632 20290 21686 20291 21707 20236 21608 20275 21661 20304 21721 20258 21679 20290 21671 20265 21676 20241 21653 20314 21746 20292 21671 20309 21676 20308 21712 20289 21661 20232 21633 20258 21705 20262 21680 20276 21645 20296 21671 20262 21673 20224 21652 20290 21686 20294 21675 20347 21729 20279 21730 20278 21653 20262 21651 20335 21747 20253 21649 20300 21698 20270 21693 20341 21728 20297 21684 20310 21728 20310 21694 20235 21643 20234 21634 20296 21671 20261 21627 20270 21713 20257 21650 20280 21649 20290 21684 20232 21583 20276 21671 20275 21615 20335 21675 20255 21665 20242 21679 20347 21711 20272 21668 20256 21682 20226 21626 20318 21672 20273 21677 20279 21681 20240 21587 20274 21690 20279 21669 20312 21670 20326 21751 20282 21707 20327 21683 20336 21713 20285 21630 20275 21659 20326 21756 20346 21721 20213 21642 20318 21686 20322 21749 20329 21734 20311 21703 20296 21659 20354 21732 20256 21705 20369 21769 20262 21673 20332 21736 20265 21643 20340 21714 20261 21682 20255 21669 20275 21639 20328 21705 20300 21712 20247 21669 20295 21675 20341 21688 20255 21667 20307 21679 20322 21680 20298 21695 
32297 34420 32273 34385 32269 34369 32203 34327 32309 34388 32354 34437 32301 34369 32279 34374 32356 34489 32332 34421 32284 34399 32217 34337 32264 34327 32275 34364 32335 34453 32352 34407 32288 34378 32321 34424 32176 34252 32289 34423 32259 34367 32251 34321 32281 34335 32251 34387 32289 34351 32289 34396 32297 34348 32236 34342 32265 34369 32300 34392 32336 34496 32298 34321 32274 34417 32279 34390 32264 34426 32287 34410 32267 34308 32303 34393 32247 34312 32208 34268 32336 34384 32285 34427 32256 34332 32340 34376 32258 34324 32291 34408 32306 34403 32280 34352 32281 34354 32320 34403 32262 34369 32305 34361 32322 34387 32257 34330 32234 34388 32320 34415 32336 34438 32285 34358 32337 34384 32234 34335 32239 34282 32262 34347 32212 34341 32265 34411 32261 34324 32275 34335 32288 34411 32323 34459 32371 34443 32353 34407 32261 34319 32362 34466 32324 34430 32314 34411 32179 34277 32292 34381 32276 34370 32296 34439 32251 34343 32226 34368 32226 34286 32212 34346 32284 34381 32318 34396 32307 34430 32347 34404 32262 34376 32168 34234 32229 34280 32349 34402 32312 34441 32272 34382 32308 34398 32310 34411 32259 34386 32312 34437 32299 34368 32335 34373 32305 34428 32247 34336 
44518 47333 44408 47164 44656 47434 44497 47219 44543 47384 44575 47291 44567 47327 44602 47412 44644 47381 44637 47447 44640 47452 44573 47362 44574 47397 44514 47271 44546 47360 44599 47395 44496 47287 44557 47355 44527 47281 44488 47313 44539 47358 44606 47355 44505 47238 44549 47279 44537 47332 44551 47295 44594 47376 44648 47418 44574 47350 44618 47389 44576 47336 44490 47293 44586 47375 44578 47345 44622 47369 44631 47458 44505 47324 44565 47293 44484 47288 44618 47411 44591 47336 44548 47337 44512 47322 44676 47475 44563 47332 44570 47337 44621 47425 44591 47365 44417 47214 44617 47381 44582 47294 44583 47382 44586 47380 44586 47368 44565 47328 44537 47306 44585 47404 44554 47291 44540 47294 44630 47417 44599 47325 44537 47253 44473 47243 44588 47369 44622 47405 44528 47364 44554 47352 44630 47428 44534 47329 44498 47281 44508 47278 44620 47350 44607 47395 44543 47307 44573 47425 44644 47380 44529 47366 44571 47390 44529 47343 44650 47428 44529 47324 44608 47409 44472 47233 44483 47303 44621 47433 44581 47297 44649 47407 44551 47354 44520 47311 44614 47314 44579 47384 44536 47368 44607 47421 44597 47430 44533 47381 44639 47396 44625 47322 44518 47307 44602 47419 44519 47349 
57489 60926 57510 61058 57467 60837 57427 60912 57428 60897 57446 60895 57370 60897 57483 60963 57412 60860 57425 60866 57478 60976 57412 60906 57360 60901 57403 60897 57471 60916 57387 60816 57434 60908 57339 60787 57532 60983 57534 61022 57480 60879 57421 60955 57476 60925 57444 60962 57424 60904 57435 60893 57486 60956 57520 60981 57442 60882 57466 60979 57433 60949 57471 60969 57438 60844 57465 60954 57393 60822 57629 61096 57452 60976 57484 60999 57410 60851 57549 60974 57514 61024 57418 60926 57474 60904 57346 60857 57476 60946 57426 60892 57477 60947 57446 60914 57555 61042 57507 60963 57511 61000 57458 60998 57456 60970 57510 60986 57454 60968 57390 60873 57300 60826 57459 60940 57434 60880 57388 60921 57397 60850 57377 60877 57490 60987 57477 60972 57400 60814 57432 60948 57491 60917 57453 60945 57540 60990 57380 60984 57451 60960 57411 60986 57401 60873 57617 61117 57528 61041 57456 60971 57495 60948 57472 60935 57473 60997 57518 61006 57502 61046 57432 60938 57424 60840 57447 60978 57459 60948 57529 60986 57549 61103 57469 60982 57397 60899 57433 60929 57342 60831 57515 60941 57437 60854 57492 60984 57466 60946 57461 60953 57485 60977 57345 60813 57374 60895 57415 60916 
70554 74787 70636 74758 70477 74669 70530 74740 70486 74660 70584 74810 70598 74797 70524 74685 70569 74725 70579 74776 70632 74767 70530 74709 70525 74710 70594 74782 70630 74757 70521 74733 70590 74689 70612 74775 70581 74702 70653 74856 70609 74843 70631 74823 70644 74805 70443 74617 70657 74843 70445 74657 70678 74831 70596 74809 70493 74720 70704 74863 70609 74748 70534 74677 70539 74654 70509 74762 70598 74705 70558 74728 70571 74761 70511 74675 70573 74773 70556 74725 70583 74761 70632 74796 70584 74767 70585 74750 70651 74840 70645 74821 70600 74795 70601 74757 70664 74788 70546 74708 70581 74747 70630 74811 70522 74644 70496 74648 70488 74688 70636 74775 70651 74833 70642 74874 70560 74735 70619 74759 70553 74811 70577 74674 70554 74723 70468 74656 70588 74806 70637 74714 70408 74642 70522 74732 70645 74815 70607 74868 70554 74727 70571 74734 70594 74747 70645 74855 70558 74716 70558 74673 70651 74738 70543 74702 70546 74793 70607 74741 70656 74782 70542 74700 70537 74763 70637 74816 70593 74785 70562 74709 70621 74728 70654 74823 70619 74842 70572 74775 70593 74731 70485 74524 70695 74894 70546 74770 70720 74827 70676 74819 70544 74718 70644 74827 70606 74806 70648 74847 
83646 88566 83687 88617 83686 88579 83570 88399 83831 88639 83758 88631 83802 88573 83692 88619 83748 88658 83819 88701 83717 88569 83640 88481 83710 88579 83665 88510 83594 88520 83614 88432 83763 88626 83720 88546 83637 88512 83529 88378 83634 88449 83701 88634 83650 88578 83797 88611 83581 88346 83723 88644 83643 88485 83721 88589 83632 88431 83761 88611 83761 88747 83677 88546 83865 88801 83800 88642 83610 88418 83667 88528 83797 88655 83821 88663 83702 88561 83817 88603 83866 88753 83642 88505 83725 88579 83754 88557 83736 88597 83664 88597 83623 88408 83714 88628 83819 88698 83657 88556 83687 88664 83674 88497 83690 88524 83645 88444 83782 88562 83622 88504 83647 88460 83685 88602 83667 88521 83700 88568 83679 88562 83780 88654 83715 88570 83661 88546 83852 88716 83793 88642 83695 88448 83676 88503 83715 88570 83768 88579 83752 88634 83758 88632 83696 88714 83765 88634 83787 88687 83748 88573 83702 88583 83736 88694 83627 88456 83642 88434 83795 88695 83669 88537 83684 88625 83753 88740 83741 88566 83922 88726 83671 88560 83666 88579 83696 88547 83778 88632 83738 88513 83660 88567 83618 88494 83815 88692 83628 88530 83825 88742 83684 88532 83701 88567 83814 88546 83684 88542 
97166 102707 97043 102617 97030 102682 97202 102841 97233 102794 97150 102679 97218 102868 96985 102614 97147 102631 97267 102796 97035 102569 97290 102828 97188 102756 97150 102649 97143 102714 97188 102682 97124 102650 97182 102660 97128 102656 97246 102843 97134 102697 97219 102770 97105 102612 97100 102600 97161 102710 97182 102699 97046 102652 97185 102739 97064 102632 97214 102781 97216 102784 97055 102639 97077 102680 97128 102658 97056 102634 97031 102582 97180 102678 97127 102810 97225 102804 97210 102722 96995 102527 97195 102707 97064 102609 97288 102777 97146 102711 97000 102515 97041 102566 97058 102595 97129 102756 97135 102698 97179 102678 97161 102606 97149 102712 97227 102718 97196 102780 97021 102574 97190 102871 97089 102642 97181 102798 97177 102684 97096 102695 97132 102642 97109 102647 97119 102634 97168 102604 97098 102690 97095 102591 97186 102756 97208 102777 97010 102529 97178 102714 97071 102647 97069 102676 97282 102822 97130 102697 97091 102745 97130 102731 97161 102715 97239 102736 97115 102642 97191 102822 97253 102726 97186 102646 97232 102751 97237 102800 97183 102722 97260 102790 97169 102687 97159 102752 97252 102781 97255 102837 97107 102669 97229 102853 97069 102702 97169 102850 97253 102815 97166 102736 97135 102586 97203 102808 97065 102627 
110841 117059 110838 117013 110957 117223 110799 117017 110919 117157 110755 117064 110899 117123 110749 116962 110900 117121 110849 117163 110736 116997 111038 117413 110840 117089 110923 117086 110890 117102 110797 117046 110945 117116 110861 117230 110838 117065 110883 117203 110805 117041 110872 117097 110873 117151 110795 117010 110838 117109 110757 117022 110769 116929 110753 117090 110821 117124 110834 117077 110914 117206 110882 117072 110897 117037 110939 117170 110886 117195 110648 116924 110822 117008 110945 117140 110646 116937 110861 117066 110755 116910 110849 117105 110733 116930 110849 117092 110823 117091 110809 116979 110803 117110 110705 117030 110818 117063 110896 117085 110861 117114 110717 116941 110937 117209 110800 117126 110852 117173 110791 117188 110661 116917 110822 117030 110753 117090 110889 117139 110737 117035 110850 117043 110655 116996 110749 116988 110912 117268 110846 117021 110730 117020 110862 117159 110891 117126 110779 117147 110947 117197 110934 117189 110728 117010 110819 117182 110802 117111 110821 117095 110728 117014 110828 117018 110916 117212 110903 117105 110944 117187 110864 117126 110873 117179 110810 117059 110744 116979 110775 117057 110711 116992 110696 116782 110919 117214 110832 117221 110663 116995 110944 117241 110790 117078 110803 117026 110847 117012 110865 117107 110961 117255 110937 117205 110752 116967 110742 116972 
125025 131982 124817 131842 125008 131853 124854 131744 124836 131792 124814 131832 124904 131906 124936 131907 124916 131937 124853 131790 124901 131868 124978 131932 124805 131709 124810 131810 124911 131886 124827 131847 124973 131895 124913 131839 124879 131804 124929 131884 124964 132041 125163 132094 124876 131902 124972 131857 124855 131777 124927 131953 124764 131844 125001 131929 124943 131887 124824 131831 124914 131856 124918 131867 125021 131977 124847 131818 124926 131879 124843 131698 124787 131676 125021 131948 124965 131929 124964 131911 125046 132007 124882 131817 124996 131991 125019 131996 124937 131966 124961 131852 124770 131826 125002 131922 124886 131877 124874 131725 125001 132031 124932 131928 124766 131810 124832 131829 124682 131612 124698 131607 125020 131913 124978 131894 124884 131841 124885 131944 124889 131800 124919 131918 124857 131802 124967 131858 124902 131813 124895 131793 124954 131942 124943 131919 124865 131786 124833 131800 124821 131790 125002 131968 125000 132096 124952 131948 125032 131953 125004 131959 124950 131867 124857 131838 124952 131959 124900 131941 124886 131833 124864 131793 125020 131861 124944 131879 124984 131966 124878 131798 124855 131777 125016 131922 124788 131783 124887 131908 124946 131833 124976 132016 124902 131888 124863 131797 124828 131766 124973 131917 124955 132032 124943 131964 124879 131755 124800 131809 
139148 146867 139076 146673 139071 146748 139202 146874 139172 146875 139131 146770 139031 146599 139109 146718 139013 146608 139113 146737 138937 146580 139062 146643 139021 146604 139038 146566 138999 146737 139172 146783 139090 146582 139022 146654 138985 146601 139027 146561 139056 146638 138959 146560 139005 146717 138919 146529 139152 146754 138875 146617 138954 146558 139090 146667 139020 146674 139108 146603 139017 146712 139086 146776 139159 146813 138931 146510 139119 146846 139155 146847 139010 146654 139034 146706 138892 146534 139089 146654 139172 146705 138983 146623 139065 146689 139148 146738 139154 146685 139057 146641 139082 146717 139119 146816 138880 146529 139048 146708 139040 146621 139174 146772 139082 146698 139026 146624 138996 146741 139085 146672 139145 146683 139080 146812 139004 146688 138945 146536 139041 146677 139106 146701 139051 146645 138850 146552 138990 146709 139132 146788 139008 146655 139016 146550 139128 146680 139076 146743 138950 146407 139076 146588 139107 146750 139035 146526 139139 146772 139090 146676 139086 146587 139072 146669 139135 146740 138997 146744 138994 146575 139095 146719 139169 147012 139086 146761 138842 146622 139176 146704 139048 146634 139156 146911 139123 146782 139073 146620 139069 146688 138881 146510 139084 146721 139035 146650 139096 146823 139086 146607 139030 146580 139314 146755 139100 146763 139059 146794 
153253 161558 153269 161586 153236 161620 153189 161470 153209 161560 153193 161544 153433 161719 153069 161260 153152 161398 153090 161390 153131 161589 153348 161583 153259 161581 153306 161572 153375 161704 153233 161658 153191 161548 153075 161426 153338 161632 153133 161464 153251 161467 153097 161463 153163 161565 153126 161520 153248 161600 153126 161340 153168 161479 153242 161524 153204 161477 153178 161583 153073 161469 153136 161528 153274 161595 153148 161446 153236 161564 153296 161582 152933 161296 153057 161452 153069 161454 153139 161470 153096 161443 153217 161477 153204 161587 153237 161536 153058 161467 153067 161477 153159 161493 153186 161570 153263 161534 153108 161417 153114 161442 153110 161506 153150 161439 153196 161551 153174 161645 153205 161527 153380 161761 153233 161599 153233 161499 153148 161480 153340 161707 153219 161521 153220 161499 153104 161319 153235 161488 153062 161327 153322 161500 153246 161600 153160 161458 153130 161478 153286 161633 153324 161656 153191 161479 153170 161531 153235 161681 153262 161511 153249 161532 152970 161300 153238 161569 153197 161529 153057 161406 153124 161517 153165 161490 153323 161728 153165 161367 153467 161842 153267 161584 153137 161447 153281 161634 153089 161369 153316 161631 153360 161595 153083 161504 153206 161479 152960 161236 153278 161519 153209 161467 153315 161594 153102 161359 153133 161536 
167300 176206 167380 176417 167386 176475 167246 176245 167121 176186 167282 176264 167481 176488 167213 176126 167165 176241 167282 176230 167290 176384 167377 176504 167212 176229 167333 176303 167285 176345 167142 176198 167304 176323 167303 176190 167185 176165 167243 176342 167257 176151 167296 176318 167228 176352 167294 176179 167150 176230 167382 176530 167436 176478 167305 176378 167379 176574 167302 176324 167382 176439 167270 176293 167294 176334 167327 176324 167418 176519 167201 176128 167359 176310 167393 176476 167186 176304 167376 176400 167320 176526 167277 176307 167320 176330 167315 176357 167359 176409 167271 176259 167229 176316 167292 176318 167314 176406 167207 176194 167367 176446 167204 176339 167219 176253 167392 176375 167253 176326 167412 176362 167420 176550 167504 176450 167451 176539 167358 176399 167192 176181 167180 176168 167282 176302 167278 176307 167160 176047 167313 176408 167298 176353 167337 176297 167361 176419 167255 176288 167300 176380 167389 176415 167522 176536 167344 176377 167208 176273 167320 176463 167126 176180 167288 176286 167179 176128 167393 176482 167283 176372 167263 176289 167320 176383 167301 176254 167440 176374 167264 176320 167359 176375 167357 176400 167240 176381 167361 176466 167285 176284 167287 176351 167348 176283 167248 176173 167257 176268 167345 176382 167430 176512 167433 176417 167343 176372 167349 176415 
181361 191101 181342 190999 181497 191160 181435 191210 181482 191174 181622 191409 181589 191256 181432 191124 181496 191261 181539 191160 181374 190945 181431 191130 181305 191007 181488 191176 181493 191246 181464 191263 181424 191145 181468 191216 181486 191223 181363 191183 181585 191341 181459 191187 181422 191154 181357 191228 181539 191345 181426 191221 181518 191160 181446 191147 181627 191227 181347 191056 181389 190996 181506 191179 181538 191258 181282 191085 181425 191163 181364 191133 181456 191159 181385 191160 181400 191120 181378 191096 181420 191133 181481 191219 181434 191268 181363 191108 181450 191198 181638 191344 181497 191184 181404 191086 181565 191213 181423 191177 181434 191192 181521 191278 181382 191117 181426 191171 181530 191298 181384 191161 181492 191174 181446 191153 181490 191107 181434 191131 181407 191166 181483 191266 181334 191029 181638 191346 181409 191113 181374 191136 181368 191091 181542 191119 181195 191009 181313 191083 181436 191050 181520 191223 181465 191182 181363 191169 181400 191190 181607 191156 181502 191201 181599 191368 181308 190908 181310 191045 181571 191185 181461 191213 181502 191187 181496 191244 181496 191318 181448 190985 181520 191169 181604 191367 181352 190994 181506 191063 181496 191307 181628 191333 181452 191278 181481 191068 181415 191204 181395 191017 181628 191417 181535 191237 181532 191214 181559 191316 
195753 206117 195790 206245 195660 206080 195678 206143 195606 206105 195656 206099 195749 206098 195749 206118 195777 206260 195552 205876 195611 205981 195692 206053 195553 206004 195843 206207 195737 206134 195685 206029 195770 206216 195712 206079 195522 205987 195528 205890 195712 206149 195616 205955 195707 206060 195686 206078 195741 206111 195811 206128 195844 206247 195778 206210 195618 206007 195689 205985 195593 205913 195676 206225 195647 205999 195547 205942 195676 206117 195633 206060 195723 206120 195495 205904 195680 206088 195625 206063 195604 205987 195751 206198 195619 205960 195655 206013 195723 206032 195682 206085 195766 206148 195614 205987 195578 205880 195792 206259 195738 206272 195642 206036 195741 206100 195681 206116 195579 206064 195622 205944 195765 206241 195718 206075 195534 206018 195673 206134 195382 205856 195643 206026 195611 205967 195631 205968 195453 205879 195771 206240 195554 206141 195747 206104 195627 206079 195553 205929 195727 205965 195783 206288 195638 206067 195698 206001 195660 206178 195745 206146 195478 205801 195765 206130 195530 205919 195689 206136 195671 206062 195611 206098 195625 206044 195593 205939 195605 205894 195572 206062 195860 206255 195551 205912 195618 206042 195756 206098 195646 206086 195578 205892 195746 206097 195554 205913 195668 205954 195643 205992 195589 205950 195593 205910 195862 206147 195472 205821 
210195 221298 210202 221201 210253 221439 210211 221458 210388 221355 210243 221426 210339 221343 210418 221593 210021 221098 210374 221462 210378 221450 210353 221402 210539 221640 210354 221458 210397 221593 210186 221370 210342 221446 210337 221414 210260 221368 210230 221406 210466 221633 210368 221536 210227 221280 210363 221387 210375 221561 210264 221339 210193 221279 210404 221522 210311 221377 210181 221272 210080 221188 210333 221505 210296 221297 210288 221360 210338 221451 210423 221482 210249 221379 210289 221313 210366 221498 210304 221385 210414 221394 210548 221581 210184 221448 210410 221475 210323 221392 210537 221570 210264 221381 210305 221332 210337 221326 210164 221288 210143 221204 210493 221411 210170 221323 210254 221443 210437 221407 210118 221258 210118 221308 210104 221171 210481 221478 210440 221579 210380 221545 210322 221421 210279 221417 210399 221414 210262 221481 210367 221496 210336 221533 210308 221409 210423 221546 210319 221553 210374 221317 210262 221291 210412 221698 210407 221461 210160 221255 210329 221327 210165 221209 210293 221301 210312 221504 210343 221362 210247 221411 210372 221524 210372 221576 210384 221436 210286 221350 210184 221207 210510 221646 210408 221511 210243 221370 210267 221459 210346 221456 210213 221279 210439 221556 210279 221309 210429 221654 210388 221505 210372 221405 210350 221339 210373 221298 210340 221410 
224936 236804 224970 236794 224982 236602 225043 236880 225240 236908 225068 236986 225069 236825 224939 236827 225065 236872 225057 236834 224800 236613 224952 236820 225008 236819 224971 236752 224796 236602 225041 236661 224987 236855 224948 236828 225023 236821 225207 237107 225025 236817 224859 236632 224996 236720 225129 236946 225073 236824 224922 236703 225124 237000 225013 236704 224979 236711 225139 236911 224858 236668 225031 236815 224957 236748 224916 236759 225055 236845 224985 236783 224986 236968 224945 236611 225015 236853 224981 236742 225158 236839 225188 236941 224880 236670 225201 236936 224969 236800 225021 236733 224861 236654 225040 236936 225048 236904 224860 236670 225005 236862 224849 236746 225160 237064 225047 236724 224910 236646 224983 236682 224929 236743 225083 237038 224903 236757 224876 236590 225099 237042 225065 236787 225148 236973 225018 236914 225059 236863 224870 236730 225146 236875 225010 236752 224992 236707 224968 236880 224761 236764 224914 236664 224872 236713 225101 236878 225045 236902 224905 236651 225128 236940 224985 236842 225055 236833 225106 236858 224982 236858 225011 236722 225142 237054 224917 236853 225090 236771 224814 236642 224975 236748 225063 236727 224983 236829 224808 236693 224941 236590 224727 236528 225118 236918 225018 236857 225088 236849 225017 236772 225011 236832 224913 236770 225053 236906 224974 236761 
239734 252369 239704 252211 239728 252291 239657 251963 239634 251984 239754 252278 239605 252009 239690 252162 239631 252107 239580 251935 239654 252121 239528 251970 239686 252161 239722 252287 239726 252248 239758 252245 239708 252275 239690 252170 239692 252141 239729 252163 239662 252268 239694 251994 239742 252208 239498 251980 239734 252107 239591 252187 239581 251993 239796 252392 239573 252036 239609 252192 239733 252106 239742 252238 239513 252105 239594 252022 239767 252172 239795 252259 239603 252077 239672 252312 239871 252242 239725 252185 239737 252167 239750 252279 239811 252207 239717 252153 239834 252391 239696 252305 239642 252099 239794 252182 239630 251968 239675 252207 239774 252229 239614 252053 239802 252212 239571 252117 239637 252220 239734 252224 239771 252218 239751 252311 239401 252028 239675 252148 239706 252066 239599 252144 239767 252187 239806 252177 239601 251945 239770 252309 239601 252140 239527 252053 239623 252246 239697 252377 239690 252323 240036 252435 239665 251980 239433 251904 239607 251972 239825 252423 239634 252141 239652 252088 239724 252214 239705 252219 239654 252022 239657 252141 239648 252079 239580 252163 239509 251960 239844 252364 239624 252123 239681 252016 239591 252091 239606 252257 239686 252154 239681 252288 239680 252289 239792 252288 239549 252043 239774 252264 239733 252286 239852 252362 239780 252264 239667 252130 
254664 267860 254454 267636 254801 267989 254903 268013 254874 267928 254725 267943 254405 267695 254759 267889 254612 267887 254579 267831 254969 268052 254769 268053 254782 268001 254614 267817 254719 268012 254697 267680 254774 267930 254677 267948 254684 267829 254849 267944 254781 267993 254583 267716 254535 267888 254669 267857 254812 268020 254660 267941 254819 267873 254608 267788 254583 267711 254800 267857 254906 267944 255156 268308 254778 267881 254797 267992 254801 268072 255005 268150 254947 268234 254737 267784 254722 267844 254653 267921 254824 268000 254846 268046 254990 268205 254777 268053 254748 267756 254621 267699 254607 267772 254652 267775 254695 267837 254536 267718 254856 267989 254793 267966 254685 267915 254738 267978 254781 267867 254588 267833 254693 267765 254501 267689 254868 267979 254777 267914 254704 267890 254794 267927 254665 267924 254808 267964 254693 267968 254796 268072 254807 267836 254880 267955 254689 267891 254732 267848 254522 267723 254770 267986 254842 268109 254929 268236 254574 267613 254781 267949 254790 267988 254847 267898 254759 267782 254814 268071 254717 268006 254521 267690 254675 267748 254536 267735 254984 268234 254730 267908 254775 267908 254873 268180 254619 267822 254751 267847 254784 268035 254721 267699 254577 267697 254786 267950 254626 267763 254719 267930 254763 267994 254936 268114 254725 267986 254555 267757 
269908 283843 269828 283687 269838 283684 269919 283796 269825 283647 269849 283688 269949 283852 269806 283746 269777 283710 269677 283572 269933 283779 269939 283935 269651 283536 269964 283837 269927 283804 269862 283734 269986 283655 269856 283625 270018 283899 269826 283732 269901 283835 269976 283776 269663 283556 269922 283734 269789 283648 269921 284081 269662 283504 269887 283868 269909 283887 269809 283666 269760 283693 269743 283659 269714 283577 269784 283624 269912 283734 269950 283836 269790 283525 269871 283803 270168 284159 269923 283760 269877 283698 269882 283803 270059 283950 269825 283942 269829 283790 269898 283818 269819 283641 269831 283708 269658 283589 269892 283740 269706 283688 270048 283811 269952 283826 269841 283917 269997 283851 269935 283783 270121 283945 269913 283701 269871 283849 269884 283696 269676 283373 269748 283625 269668 283641 270073 283920 269905 283708 269921 283579 270041 283877 269632 283530 269560 283487 269885 283832 270035 283929 270063 283880 269919 283974 269671 283567 269796 283718 269747 283771 269975 283886 269944 283859 269845 283700 269966 283841 269677 283596 269697 283611 269783 283721 270035 283906 269859 283719 269715 283678 269856 283659 269894 283705 269868 283697 269529 283420 269929 283912 269838 283704 269936 283737 269921 283756 269664 283436 269875 283623 269829 283696 269904 283840 269864 283873 269969 284069 
285232 299826 285034 299696 284955 299629 284977 299628 284979 299529 284786 299478 284923 299569 285227 299742 285057 299529 284753 299512 284880 299445 285013 299536 284926 299427 285150 299687 284803 299434 284893 299626 285070 299646 285125 299711 284997 299532 285111 299752 284763 299314 284969 299690 285008 299605 284674 299350 284997 299595 285088 299783 284956 299452 285069 299647 285061 299456 284990 299629 285103 299687 284942 299433 284991 299581 285002 299428 284884 299486 284998 299611 285160 299800 285030 299531 285049 299621 284827 299303 284880 299462 285165 299597 284707 299265 284858 299500 284993 299540 284868 299484 284894 299330 285029 299797 285240 299866 284958 299458 285197 299822 284735 299424 285005 299701 284912 299420 285072 299705 284937 299485 284923 299539 284981 299482 285057 299510 285037 299718 284832 299355 285210 299891 285085 299652 284921 299486 285102 299705 284952 299489 285001 299573 285081 299631 285023 299405 285095 299628 284893 299351 285108 299511 284956 299548 285008 299493 284945 299410 284903 299582 284859 299452 284979 299506 284840 299388 285047 299498 284951 299536 285036 299578 285011 299540 285204 299805 284897 299395 285050 299666 284755 299340 285078 299508 285103 299630 284723 299268 284890 299524 285124 299582 284725 299399 285083 299673 285034 299492 285107 299630 284955 299564 285124 299669 285054 299638 284941 299602 
300058 315396 300094 315446 300047 315279 300243 315361 300116 315462 300282 315362 300017 315338 299958 315264 300143 315552 300191 315469 300249 315352 300213 315481 300350 315684 300086 315356 300229 315454 300074 315330 299941 315127 300104 315205 300132 315396 299911 315155 300352 315521 300264 315609 299931 315301 300211 315486 300118 315399 300201 315288 300323 315538 299928 315222 300178 315518 300107 315422 300288 315370 300256 315454 300096 315311 300054 315373 299955 315125 300008 315331 300100 315498 300315 315427 300239 315517 300074 315308 300312 315535 300220 315490 299981 315234 300100 315372 299961 315333 300072 315300 300280 315601 299977 315164 300266 315450 299894 315220 300146 315366 300191 315400 300139 315406 300030 315267 300065 315330 299943 315182 300163 315482 299969 315175 300114 315385 300040 315276 300094 315385 300140 315444 300026 315288 300359 315594 300067 315322 300139 315291 300122 315360 300036 315275 300096 315396 300033 315310 300290 315598 299942 315251 300297 315598 300009 315320 300160 315435 300250 315494 300073 315257 300248 315518 300080 315208 300199 315398 300029 315292 300231 315467 300124 315499 300014 315371 300362 315595 299977 315024 300032 315483 300125 315503 300124 315371 300328 315421 299962 315366 300205 315391 299933 315202 300042 315290 299964 315175 299987 315034 300237 315564 300209 315550 300128 315320 300158 315280 
315322 331306 315022 330966 315071 330947 315224 331147 315087 331096 315349 331237 315334 331413 315291 331273 315227 331412 315287 331346 315202 331133 315278 331178 315215 331097 315165 331098 315255 331192 315509 331426 315213 331050 315445 331609 315295 331203 315278 331251 315351 331129 315441 331509 315104 331122 315585 331489 315077 331043 315220 331053 315206 331072 315379 331438 315229 331075 315489 331525 315252 331200 315341 331452 315267 331264 315476 331408 315013 331087 315314 331209 315306 331286 315298 331289 315272 331310 315411 331413 315234 331155 315188 331169 315400 331392 315183 331147 315190 331167 315423 331138 315233 331124 315327 331331 315325 331297 315165 330911 314971 330915 315275 331276 315254 331153 315429 331376 315040 331020 315195 331214 315363 331221 315178 331010 315264 331134 315454 331342 315269 331289 315139 331042 315118 331029 315069 331118 315403 331366 315276 331291 315302 331290 315289 331156 315308 331390 315527 331426 315408 331426 315160 331087 315194 331187 315451 331330 315319 331231 315428 331394 315120 331049 315139 330971 315386 331325 315110 331183 315294 331196 315071 331003 315295 331086 315247 330999 315332 331392 315163 331232 315375 331360 315262 331277 315244 331074 315271 331358 315188 330952 315170 331042 315111 331065 315406 331324 315421 331295 315353 331348 315286 331245 315357 331292 315369 331377 315294 331337 
330287 347028 330499 347317 330491 347256 330239 346975 330664 347085 330443 347110 330447 347104 330369 347059 330344 346838 330440 347067 330459 347124 330255 346977 330533 347104 330402 347114 330704 347107 330489 347153 330440 347131 330439 347129 330326 346867 330306 346978 330540 347139 330515 347211 330274 347058 330509 347070 330344 347056 330580 347163 330224 347047 330321 346934 330386 347097 330474 347129 330394 347031 330376 347101 330733 347241 330351 346995 330597 347077 330471 347032 330340 347184 330163 346791 330394 347078 330439 347046 330351 346929 330549 347221 330456 347228 330157 346832 330403 347135 330383 347086 330395 347116 330389 346967 330298 346975 330311 346937 330498 347103 330486 347065 330330 347114 330447 347123 330242 346918 330372 347138 330401 346964 330319 347002 330642 347161 330477 346901 330118 346756 330220 346848 330362 347010 330431 346994 330357 346951 330317 346891 330275 346985 330113 346768 330552 347215 330451 347157 330335 346880 330456 347079 330494 347075 330271 347005 330366 347040 330392 347141 330164 346724 330492 347143 330465 347129 330308 346676 330249 346927 330462 347189 330457 347088 330325 346943 330347 346925 330376 347140 330226 346925 330520 347215 330350 347089 330332 347036 330384 347124 330192 347059 330094 346717 330370 346971 330334 346923 330306 346967 330454 347009 330497 347125 330258 346849 330354 347017 
345324 362505 345210 362456 345800 363048 345679 362976 345514 362845 345423 362924 345436 363123 345549 362825 345468 362677 345458 362699 345288 362603 345517 362863 345646 363058 345310 362729 345857 363038 345491 362902 345444 362678 345492 362692 345717 362954 345718 362985 345658 362898 345653 362873 345549 363139 345650 362944 345631 362955 345298 362794 345407 362878 345379 362783 345644 362980 345402 362886 345479 362774 345786 363074 345270 362635 345185 362472 345516 362867 345708 363145 345485 362742 345465 362921 345727 363051 345491 362834 345359 362765 345755 363173 345543 362883 345498 362882 345651 363079 345502 362912 345743 363162 345681 362873 345336 362547 345589 363034 345459 362839 345452 362886 345560 362975 345565 362999 345304 362745 345338 362818 345310 362623 345622 362986 345482 362814 345664 363005 345554 362843 345591 363038 345628 362873 345385 362847 345400 362690 345659 363012 345642 362808 345505 362754 345707 362831 345616 363024 345655 362965 345692 362908 345772 363125 345307 362683 345799 363254 345499 362803 345607 362892 345760 363066 345516 362771 345669 362952 345360 362665 345513 362885 345622 363016 345273 362696 345679 363134 345663 362952 345367 362701 345475 362809 345488 362934 345735 362979 345523 363005 345507 362861 345440 362854 345405 362800 345495 362724 345442 362853 345475 362760 345553 362980 345619 363010 345507 362916 
360536 378476 360781 378802 360721 378883 360779 378760 360685 378729 360672 378856 360605 378863 360620 378656 360619 378541 360685 378738 360679 378770 360703 378569 360666 378790 360614 378712 360592 378634 360807 378661 360535 378612 360493 378453 361021 378938 360621 378782 360757 378703 360508 378602 360722 378705 360546 378524 360841 378791 360727 378668 360659 378473 360635 378649 360904 378882 360683 378805 360742 378868 360602 378330 360780 378828 360895 378927 360398 378498 360672 378612 360773 378740 360506 378633 360457 378503 360547 378507 360530 378510 360585 378458 360753 378618 360904 378796 360720 378608 360653 378592 360651 378692 360560 378585 360720 378739 360601 378509 360587 378690 360639 378716 360725 378879 360782 378948 360674 378825 360728 378798 360843 378923 360538 378619 360779 378698 360855 378958 360805 378924 360589 378726 360739 378725 360578 378498 360579 378512 360689 378780 360760 378750 360555 378667 360732 378769 360763 378834 360861 378879 360665 378784 360504 378562 360495 378406 360692 378683 360469 378389 360609 378754 360537 378635 360800 378900 360464 378641 360697 378807 360692 378580 360797 378655 360832 378785 360606 378509 360528 378431 360655 378680 360601 378746 360846 378779 360497 378575 360630 378612 360737 378758 360729 378722 360469 378584 360557 378530 360672 378743 360757 378883 360545 378535 360615 378692 360678 378569 
375660 394199 375759 394411 375910 394698 375813 394595 375847 394718 375874 394572 375734 394507 375879 394572 375936 394545 375838 394497 375635 394269 375932 394669 375705 394318 376058 394800 375839 394642 375734 394546 375782 394496 376007 394707 375665 394128 375820 394553 375658 394250 375900 394584 375761 394458 375790 394331 375732 394551 375929 394687 376019 394574 375637 394413 375699 394504 375722 394489 375803 394499 375699 394477 375884 394702 375772 394490 375890 394718 375811 394426 375649 394539 375523 394398 375775 394601 375858 394591 375785 394552 375748 394420 375793 394526 375991 394844 375630 394204 375923 394785 375899 394565 375777 394522 375674 394261 375900 394696 375912 394711 375833 394776 375725 394463 375857 394566 375815 394701 375763 394613 375823 394448 375791 394451 375770 394503 375665 394348 375946 394760 375901 394574 376004 394722 375838 394632 376021 394755 375941 394553 375798 394419 375909 394570 375708 394479 375670 394478 375722 394448 375796 394676 375936 394616 375808 394457 376073 394659 375734 394470 375777 394586 375622 394342 375876 394614 375822 394394 375716 394388 375879 394586 375618 394465 375762 394291 376017 394807 375854 394444 375839 394586 375612 394415 375725 394566 375619 394429 375727 394377 375826 394643 376228 394938 376045 394683 375895 394832 376027 394739 375626 394386 375594 394279 375560 394297 375966 394745 
390951 410426 390797 410072 390706 410296 390827 410180 390971 410532 390980 410250 390763 410225 391040 410262 391059 410489 390967 410346 390864 410329 391100 410609 390589 410015 391071 410443 390932 410362 390923 410406 390918 410181 390793 410104 391009 410624 390900 410451 390901 410329 390951 410384 390848 410149 390901 410387 391078 410293 390998 410308 390694 410173 391259 410520 390994 410517 390931 410451 390936 410365 391024 410286 390846 410246 390985 410388 390794 410075 390912 410224 390924 410341 391014 410442 391073 410455 391159 410561 390950 410415 390904 410208 391009 410395 390975 410593 391057 410372 390778 410249 390853 410111 390851 410240 390892 410427 390894 410156 390656 410123 390609 410053 391151 410471 390789 410175 391061 410449 390822 410374 390926 410396 391104 410398 391128 410541 391015 410329 390673 410131 391104 410491 390753 410162 391060 410496 390948 410407 391038 410314 390959 410473 390866 410109 391020 410327 390833 410612 391174 410650 391040 410425 390934 410286 390803 410275 391028 410500 391015 410568 391080 410497 390960 410170 391055 410319 390800 410152 390810 410259 391023 410528 391026 410389 390952 410372 390940 410447 391044 410356 391118 410472 390924 410270 391037 410476 390681 410173 390756 410163 390935 410421 391160 410492 390878 410270 390911 410461 390802 410310 391036 410343 390792 410298 391161 410564 391104 410530 
406062 426191 406243 426313 405996 426074 405924 426034 406129 426313 406017 426005 406024 426189 405827 425822 406239 426193 406214 426423 405991 425937 406093 426166 406207 426257 405899 426005 406057 426186 405750 425921 405903 425985 405843 425966 406010 426259 406143 426198 406244 426374 406239 426431 406194 426214 406155 426188 406017 426166 406094 426225 405956 425917 406123 426288 406155 426248 406115 426349 406189 426240 406191 426333 405995 426066 405743 425947 405963 425937 406203 426325 406169 426356 405995 426205 405990 426108 405790 425908 406051 426324 406205 426418 405945 426060 405914 425975 406277 426432 406030 426106 406303 426433 406074 426203 405760 425749 406055 426032 406087 426287 406047 426185 406153 426230 405898 425930 406095 426333 406078 426107 405876 426075 406235 426346 406272 426279 406252 426298 406077 426173 405927 425967 405976 426025 406036 426148 406067 426170 406204 426321 406257 426451 406336 426426 406190 426053 406330 426438 405927 425884 406128 426292 406072 426140 406251 426420 406251 426337 405950 426033 405978 426190 406202 426200 406055 426150 406121 426218 406125 426201 406084 426062 406184 426204 405997 426130 406198 426348 406094 426180 406159 426306 406151 426519 405854 425976 406348 426447 406121 425894 406041 426151 405990 426218 406266 426207 406223 426303 405852 425928 405997 426131 406093 426361 406165 426229 405955 426059 
421311 442193 421508 442353 421072 441916 421196 441986 421200 441895 421187 441903 421381 442099 421380 442005 421150 441927 421407 442110 421262 442053 421209 442070 421065 441820 421333 442152 421364 442085 421275 442115 421462 442485 421440 442098 421542 442429 421290 442122 421418 442034 421442 442107 421051 441924 421333 442310 421272 441900 421395 442023 421247 441895 421283 442072 421445 442086 421177 441736 421422 442271 421257 442033 421241 442181 421570 442312 421480 442445 421315 442202 421218 442059 421398 442348 421337 442132 421329 442227 421549 442309 421265 441968 421422 442290 421413 442185 421464 442271 421439 442101 421367 442252 421104 441783 421199 441958 421320 441895 421378 442084 421534 442372 421340 442019 421340 442022 421464 442198 421011 441812 421331 442194 421482 442098 421066 441927 421336 442147 421387 442237 421433 442205 421315 441987 421274 442176 421207 441916 421489 442307 421249 442053 421224 441950 421492 442218 421330 442138 421378 442116 421475 442290 421295 442179 421437 442231 421397 442256 421523 442207 421341 442030 421363 442130 421154 441947 421597 442459 421486 442333 421497 442166 421387 442239 421701 442492 421578 442302 421280 441954 421109 441969 421281 442037 421509 442336 421414 442260 421287 442156 421245 442132 421312 442194 420962 441684 421439 442401 421421 442161 421597 442250 421507 442348 421048 441918 421256 442007 
436999 458383 437067 458660 436804 458380 437200 458812 437157 458634 436946 458570 436801 458123 437067 458402 437009 458400 436857 458423 437025 458506 436955 458532 437019 458469 437076 458505 437103 458406 436716 458249 436675 458329 436907 458335 436827 458394 437140 458536 436777 458306 436841 458383 436779 458291 436945 458385 436956 458393 437101 458465 436775 458324 436920 458397 436852 458348 437147 458789 436803 458213 437043 458475 437205 458607 436824 458479 436908 458353 437002 458562 437073 458534 436901 458234 437082 458551 437039 458408 436826 458552 436768 458235 437123 458592 436927 458441 437092 458625 436828 458508 437027 458409 437133 458476 436959 458555 437384 458815 436912 458490 437061 458457 436819 458467 436991 458391 436918 458521 437106 458585 436883 458502 436968 458321 437133 458608 437070 458463 436808 458397 436972 458322 437111 458653 437197 458689 436952 458442 437148 458554 436945 458497 437075 458610 437037 458477 437086 458685 436957 458394 436910 458398 436966 458501 436993 458504 436892 458405 437051 458651 437020 458584 437196 458670 436961 458307 437077 458514 436841 458410 437135 458559 436873 458140 437045 458370 437027 458567 436868 458108 436831 458285 436957 458199 437131 458586 436941 458412 436874 458546 436996 458420 437189 458670 436869 458491 436920 458332 437177 458537 437021 458690 436904 458519 437057 458437 436904 458366 
452627 474600 452843 475284 452572 474735 452849 475003 452638 474859 452494 474769 452620 474877 452771 474944 452762 475006 452693 474933 452749 474925 452622 474766 452758 474923 452613 474876 452628 474811 452780 475074 452653 474832 452580 474705 452788 474821 452626 474829 452650 474952 452483 474673 452445 474566 452263 474331 452780 474959 452887 475079 452706 474918 452810 474960 452831 474970 452659 474866 452769 474841 452833 474999 452755 474796 452509 474691 452593 474626 452578 474768 452377 474428 452767 474889 452683 474863 452757 474912 452692 475025 452618 474839 452795 474931 452630 474803 452574 474748 452930 475067 452410 474802 452416 474566 452627 474807 452562 474755 452596 474746 452476 474626 452776 474900 452420 474679 452673 474922 452375 474714 452503 474638 452598 474818 452694 474872 452755 474773 452639 474800 452815 475116 452842 475005 452775 474997 452566 474689 452666 474943 452640 474878 452658 474917 452637 474699 452465 474512 452592 474584 452726 475145 452677 474863 452615 474804 452773 474967 452840 474897 452736 474958 452633 474919 452637 474622 452526 474627 452552 474779 452516 474671 452943 475194 452809 474881 452750 474796 452878 475127 452361 474503 452846 474967 452507 474685 452610 474659 452838 474944 452841 474859 452727 474911 452679 474993 452573 474607 452519 474725 452430 474663 452658 474859 452541 474905 452598 474692 
467923 490795 468152 490989 468388 491107 468152 491125 468073 491038 468526 491393 468653 491479 468331 491129 468291 491279 468128 491055 467956 491022 468247 491027 468255 491183 468428 491314 468238 491121 468426 491300 468471 491342 468092 490852 468227 491055 468417 491252 468103 490949 468236 491237 468293 491131 468299 491193 468220 491044 468437 491114 468434 491206 468488 491425 468416 491490 468432 491296 468502 491331 468206 491227 468365 491207 468324 491173 468356 491360 468330 491113 468249 491310 468044 490877 468412 491415 468298 491192 468294 491096 468651 491346 468280 491278 468320 491323 468455 491425 468416 491250 468386 491074 468445 491369 468215 491080 468024 491028 468144 491004 468422 491444 468220 491133 468398 491367 468212 491067 468457 491237 468018 490900 468295 491083 468352 491309 468383 491295 468286 491152 467916 490800 468144 491117 468443 491353 468471 491224 468338 491215 468220 490996 468203 491152 468171 490954 468299 491167 468405 491266 468143 491119 468436 491484 468572 491355 468480 491458 468217 491213 468297 491056 468427 491293 468510 491335 467987 490837 468456 491280 468422 491218 468265 491138 468497 491415 468023 490882 468521 491246 468449 491332 468528 491348 468189 491016 468270 491379 468471 491377 468544 491450 468432 491578 468318 490875 468344 491128 468270 491140 468312 491164 468307 491286 468149 491098 468483 491292 
484141 507728 484181 507568 484042 507633 483815 507445 484106 507785 484082 507643 484016 507701 484007 507682 483980 507482 483932 507426 483901 507401 484095 507732 484106 507628 484016 507879 483847 507354 483948 507598 483955 507583 483978 507342 484247 507997 484091 507818 483929 507694 484201 507740 484319 507906 484147 507766 484021 507588 484006 507552 484240 507705 483960 507594 483937 507388 484084 507669 483895 507454 484108 507646 483998 507557 483946 507312 483852 507399 484186 507661 484049 507598 483950 507476 484247 507815 483989 507646 484025 507533 484005 507460 483948 507733 484175 507683 484007 507573 484109 507589 484118 507691 483773 507343 483796 507376 484162 507770 483818 507450 483939 507323 483987 507606 483945 507635 484119 507576 484193 507698 483999 507507 484307 507952 483861 507477 484183 507655 484241 507640 484047 507697 483905 507634 483997 507396 484051 507746 483928 507513 483874 507529 483981 507526 484328 507844 483988 507514 484150 507604 484133 507629 484112 507547 483753 507547 483904 507437 484118 507724 484021 507499 483963 507416 483977 507608 483920 507397 483931 507558 484221 507601 484136 507528 484067 507623 484117 507649 483931 507458 484079 507515 484122 507675 484023 507629 483889 507587 484244 507672 484286 507559 484120 507706 484136 507607 484017 507672 484144 507738 484192 507606 484279 508088 484034 507662 483861 507299 
500022 524127 499769 524010 499872 524008 499889 523960 499595 523953 499555 523852 499788 523946 499637 524024 499732 523919 499528 523748 499937 524268 499698 523913 499895 524146 499854 524103 499691 523913 499510 523762 499684 524138 499755 524134 499635 523962 499752 523929 499880 524002 499731 524041 499670 524098 499719 524006 499923 524061 499669 524075 499808 524147 499732 523845 499572 523797 499627 524075 499818 524125 499979 524073 499751 523838 499650 523868 499805 524259 499911 524106 499747 523974 499809 523936 499644 523872 500037 524218 499808 524062 499692 524155 499830 523774 500031 524338 499701 523839 499767 523907 499704 524131 499938 524214 499727 524094 500034 524356 499589 523963 499785 524156 499878 524045 499702 523857 499820 524103 499606 523934 499795 523983 499808 524139 499542 523625 499843 524122 499740 524124 499929 524087 499900 524011 499740 523908 500178 524481 499753 524044 499628 523961 499766 524114 499856 523987 499756 523970 499767 524002 499604 523794 499592 523873 499826 523922 499492 523701 499652 523951 499615 523912 499602 523967 499890 524097 499660 523990 499638 523989 499581 523754 499529 523885 500071 524071 499772 524065 499392 523802 499342 523452 499753 523868 499781 524117 499818 524129 499566 523768 499833 524066 499625 523928 499680 524181 499858 524063 499616 523899 499765 523790 499667 523871 499891 524095 499430 523822 
515461 540249 515296 540151 515212 540289 515444 540527 515254 540281 515663 540735 515477 540535 515246 540179 515327 540442 515326 540289 515081 539954 515325 540233 515258 540218 515268 540404 515522 540416 515343 540236 515428 540161 515559 540501 515390 540201 515278 540329 515379 540281 515659 540530 515111 540218 515509 540398 515350 540229 515432 540251 515579 540650 515401 540292 515488 540330 515157 540011 515456 540445 515322 540274 515280 540016 515361 540292 515637 540580 515437 540281 515436 540262 515141 540424 515578 540490 515404 540381 515522 540709 515349 540464 515255 540313 515718 540295 515351 540322 515442 540434 515485 540349 515659 540447 515560 540513 515416 540300 515226 540077 515526 540504 515643 540546 515462 540407 515069 540065 515307 540057 515398 540258 515513 540518 515368 540353 515547 540331 515402 540569 515454 540418 515371 540232 515357 540294 515467 540246 515296 540337 515333 540188 515547 540514 515212 540071 515396 540052 515474 540200 515456 540582 515341 540300 515514 540388 515551 540480 515374 540441 515471 540318 515356 540416 515592 540558 515294 540286 515032 539868 515402 540301 515392 540351 515570 540390 515218 540094 515434 540447 515432 540344 515397 540270 515334 540183 515301 540266 515377 540225 515235 540166 515473 540452 515376 540477 515357 540368 515251 540172 515398 540124 515138 539964 515373 540196 515498 540275 
531312 556958 531662 557224 531473 556885 531539 557126 531360 557047 531249 556778 531536 556967 531265 556915 531566 557089 531320 556847 531177 556815 531616 557280 531471 556934 531329 557042 531185 556871 531411 557041 531402 557041 531405 557184 531311 556972 531440 557162 531168 556934 531384 557088 531350 556925 531555 557136 531333 557014 531468 556947 531274 556945 531696 557373 531322 556983 531370 556987 531365 557007 531172 556710 531173 556732 531531 557161 531558 557171 531624 557395 531089 556733 531504 557205 531198 556849 531451 557083 531295 556999 531393 557161 531225 556965 531410 556867 531160 556736 531299 557029 531641 557236 531480 556989 531518 557197 531067 556727 531579 557076 531547 557093 531588 557311 531625 557081 531472 557237 531297 556723 531323 556995 531452 556964 531274 556872 531659 557333 531350 556830 531421 557275 531489 557058 531406 557007 531570 557187 531072 556793 531323 557042 531442 556994 531417 556967 531384 556949 531019 556710 531210 556945 531353 557086 531478 557082 531274 557123 531321 556992 531499 557183 531283 556759 531435 557037 531475 556972 531339 557067 531234 556880 531219 557062 531485 557038 531265 556781 531491 557058 531691 557272 531312 557020 531074 556840 531110 556942 531420 556926 531332 557074 531342 557051 531613 557110 531282 556935 531554 557298 531424 557098 531218 556788 531469 557174 531497 557200 
547415 573769 547493 573643 547701 573856 547438 573706 547319 573593 547460 573811 548040 574392 547642 573961 547664 573818 547354 573747 547400 573941 547363 573677 547508 573663 547178 573407 547834 574020 547590 574042 547478 573643 547183 573518 547437 573812 547699 574141 547416 573711 547432 573676 547646 573851 547383 573841 547484 573819 547581 573760 547337 573741 547265 573609 547466 573788 547368 574012 547441 573753 547573 573744 547679 573969 547495 573973 547325 573843 547428 573709 547583 573938 547220 573478 547328 573571 547435 573748 547555 573823 547555 573988 547596 573908 547582 573936 547552 573834 547327 573831 547511 573911 547336 573803 547283 573555 547429 573812 547583 573767 547279 573511 547696 573942 547489 573884 547475 573932 547374 573648 547724 573906 547497 573743 547443 573839 547435 573585 547642 573884 547697 573955 547634 574033 547357 573615 547767 574027 547437 573793 547389 573671 547584 573684 547527 573776 547418 573688 547697 573887 547413 573808 547505 573663 547343 573690 547462 573801 547498 573822 547220 573415 547473 573586 547677 573847 547308 573694 547566 573712 547595 574107 547598 573918 547548 573926 547499 573755 547518 573865 547607 573881 547523 573891 547465 573905 547692 573892 547391 573899 547730 574120 547720 573942 547491 573849 547610 573884 547425 573940 547602 573852 547545 573848 547569 573905 547242 573544 
563771 590899 563681 590602 563783 590881 563462 590386 563370 590177 563756 590833 563793 590882 563594 590655 563662 590768 563852 590990 563774 590749 563537 590688 563642 590630 563488 590494 563714 590799 563726 590927 563594 590577 563680 590696 563435 590418 563683 590648 563335 590535 563432 590390 563494 590561 563561 590723 563367 590618 563937 590726 563220 590449 563714 590739 563514 590612 563737 590445 563403 590405 563496 590572 563605 590665 563667 590932 563535 590502 563616 590689 563523 590606 563318 590619 563691 590490 563874 590930 563648 590738 563661 590816 563549 590596 563591 590626 563689 590612 563639 590768 563523 590442 563331 590464 563540 590520 563668 590616 563771 590840 563903 590846 563540 590595 563392 590435 563460 590418 563453 590178 563678 590795 563574 590437 563542 590641 563501 590466 563319 590380 563923 590779 563705 590748 563421 590601 563801 590825 563703 590572 563404 590463 563909 590880 563927 590901 563210 590300 563875 590877 563776 590928 563794 590902 563666 590526 563979 590774 563779 590832 563811 590707 563527 590466 563844 590798 563483 590606 563328 590562 563553 590541 563552 590499 563583 590845 563637 590846 563479 590679 563666 590584 563762 590801 563742 590691 563703 590652 563522 590649 563511 590550 563587 590823 563282 590258 563518 590509 563709 590858 563637 590606 563662 590580 563648 590524 563553 590768 
579715 607457 579977 607733 579854 607470 579966 607790 579658 607137 579544 607415 579775 607415 579411 607087 579594 607263 579592 607260 580000 607560 579482 607216 579805 607367 579691 607359 579508 607414 579619 607475 579462 607241 579608 607409 579824 607657 579817 607378 579700 607338 579974 607665 579926 607868 579787 607588 579803 607584 579965 607612 579593 607457 579615 607369 579768 607604 579711 607315 579632 607219 579612 607209 579921 607644 579875 607402 579762 607392 579655 607390 579671 607250 579975 607649 579592 607399 579663 607511 579834 607595 579812 607188 580069 607836 579854 607517 579732 607351 579776 607569 580048 607597 579535 607364 579510 607424 579917 607642 579683 607422 579802 607702 579866 607537 579659 607245 579704 607484 579667 607100 579631 607681 579753 607471 579686 607391 579812 607524 579977 607487 579796 607631 579949 607463 579605 607216 580019 607529 579777 607589 580014 607868 579799 607574 579698 607473 579710 607308 579587 607095 579908 607579 579655 607246 579615 607230 580053 607676 579724 607614 579693 607432 579794 607342 579761 607404 579893 607568 579644 607535 579700 607360 579686 607509 579618 607208 579822 607528 579997 607900 579811 607463 579947 607696 579146 607089 579970 607855 579893 607648 579846 607405 579884 607433 579910 607602 579681 607297 579629 607439 579800 607590 579826 607455 579754 607388 579742 607407 
595761 624075 596059 624522 595987 624270 595931 624387 596052 624236 595593 624008 595761 624044 596137 624450 595934 624386 596028 624355 595862 624368 595728 624202 595627 623993 595832 624221 595999 624379 595916 624257 595707 624105 596079 624644 595952 624253 596110 624521 595813 624215 595906 624342 596013 624607 595911 624430 596004 624311 595925 624373 596172 624718 595823 624305 595824 624144 595753 624284 596116 624577 596071 624372 596035 624479 595866 624280 595862 624195 595756 623998 595734 624230 595861 624169 595874 624421 596213 624223 595806 624316 595847 624428 595898 624315 596197 624491 595897 624408 595887 624454 595702 624097 595888 624409 595951 624495 595911 624360 595710 624225 595927 624291 595925 624133 595940 624437 596168 624400 596153 624650 595910 624313 595986 624257 595838 624264 595778 624251 595982 624334 595798 623974 596071 624303 596168 624482 595848 624266 595720 624225 595931 624527 595773 624139 595793 624216 596198 624600 595749 623924 595926 624294 596102 624445 595861 624355 595805 624286 595580 624208 595848 624163 596227 624814 596204 624489 595729 624016 595701 624168 595803 624141 596074 624210 596042 624558 595851 624349 595754 624201 596187 624627 595936 624799 596296 624879 595753 624188 596038 624284 595845 624241 595969 624263 596109 624467 595835 624398 595721 624308 596047 624355 595375 623866 595479 623922 596236 624822 
611828 640988 611809 640755 611789 641070 611865 640911 611935 640845 611830 640669 612184 641402 612047 641204 612005 641027 612049 641206 612246 641235 612081 641118 611915 640910 612100 641425 612133 641253 612075 641086 611864 641084 611976 641033 611857 641139 612065 641080 612203 641176 612137 641198 611988 641087 611896 641096 611815 641207 611598 640782 612110 641283 611792 641166 612157 641288 612069 641251 611872 640984 612158 641067 611822 641030 612085 641166 611961 640882 611601 640641 612000 641216 611902 641009 612086 641034 611775 640763 612160 641247 612236 641583 612048 640933 611968 641062 611940 641140 612155 641267 612113 641375 612150 641512 612036 641146 612201 641321 612162 641145 612221 641331 611808 641170 611920 641027 611804 640916 612428 641424 612069 641215 611878 640942 612103 641244 611718 640927 612147 641249 612108 641290 611868 641005 611961 640920 611887 640871 612034 641402 612112 641219 611650 640612 611961 641110 611633 640626 611855 640873 611926 641282 611814 640798 612084 641257 612074 641040 611976 640970 611785 640637 612120 641193 612261 641310 611970 641248 611897 641156 612158 641238 611892 641029 612095 641016 612122 641110 612187 641143 612086 641041 612120 641334 611858 641036 611997 641012 612002 641181 612005 641101 612126 641166 612244 641327 611850 640876 612149 641164 611830 640852 612049 641026 611927 640966 611908 641350 
628450 658222 628216 658048 627963 657567 628155 657981 628264 658192 628429 658103 628414 658291 628197 658281 628192 658004 628163 657945 627938 658009 628081 657883 627999 657753 628562 658225 628455 658244 628361 658133 628266 657933 628323 658368 628095 657800 627796 657424 628326 658242 628126 658337 628306 658052 628245 657892 628172 658093 628038 657861 628003 657673 628058 657894 628163 657896 628519 658421 628130 658075 628198 657938 628040 657553 628312 658262 628090 657977 628135 657954 628203 657823 628251 658103 628007 657970 628148 657964 628171 657989 627879 657578 628236 658014 628133 657836 628305 658082 628077 657757 628052 657999 628139 657961 628054 657741 628049 657877 628272 657906 628183 658051 627997 657960 627916 657712 628048 658020 627991 657979 628414 658339 628275 657961 628364 658146 628332 658240 628036 658033 628066 657673 628005 657745 628115 657774 628163 657947 628097 657809 628236 657844 627996 657881 628328 658028 628184 657810 628088 657823 628174 658033 628149 658002 628367 658049 628714 658380 628128 657927 628047 657960 628259 658057 628318 658275 627937 657536 628119 657725 628188 657866 628252 658188 627920 657940 628279 658039 628192 658049 628097 657874 627955 657933 628157 657958 628077 657889 628225 657971 627737 657551 627962 657665 628068 657880 628337 658118 628297 658039 628311 658037 628065 657627 627881 657432 628343 657814 
644321 674941 644451 674691 644344 674723 644477 674587 644147 674621 644363 674591 644167 674628 644130 674563 644338 674812 644095 674798 644004 674499 644562 674829 644426 674763 644182 674504 643848 674596 644346 674666 644639 675201 644083 674705 644455 675118 644560 674857 644236 674833 644469 675039 644203 674706 644343 674891 644187 674710 644347 674761 644311 674724 644573 675096 643978 674497 644140 674603 644787 675337 644077 674309 644186 674503 644202 674924 644207 674863 644227 674527 644247 674551 644014 674586 644254 674890 644645 675147 644162 674586 644571 674978 644849 675397 644382 674686 644348 674761 644282 674753 644476 674911 644401 674615 644108 674567 644338 674664 644139 674443 644208 674687 644651 674985 644449 674955 644136 674524 644251 674827 644159 674635 643988 674640 644049 674505 644333 674807 644436 674869 644272 674702 644313 674529 644180 674801 644327 674774 644372 674857 643956 674444 644431 674741 644405 674872 644326 675079 644334 674668 644214 674731 644453 674805 643987 674465 644439 674987 644166 674683 644248 674769 644183 674635 644525 674949 644317 674919 644699 675005 644057 674739 644018 674357 644186 674733 644118 674740 644494 674926 644451 675018 644529 674788 644365 674748 644174 674711 644335 674717 644405 674883 643897 674325 644096 674413 644221 674632 644230 674527 644290 675031 644284 674814 644228 674641 644471 674789 
660683 691916 660705 691625 660522 691705 660489 691698 660492 691568 660568 691683 660585 691732 660300 691585 660796 692106 660372 691483 660389 691417 660060 691268 660558 691623 660525 691978 660346 691367 660291 691615 660580 691707 660472 691370 660386 691422 660662 691846 660239 691463 660416 691673 660474 691492 660517 691675 660284 691255 660241 691589 660808 691882 660306 691532 660344 691504 660692 691901 660367 691493 660289 691331 660528 691509 660661 691752 660446 691593 660831 691991 660387 691504 660767 691908 660510 691595 660130 691210 660494 691545 660379 691304 660601 691602 660122 691359 660430 691571 660313 691344 660522 691579 660882 691833 660338 691651 660460 691411 660502 691833 660794 691804 660528 691799 660416 691685 660290 691670 660537 691785 660504 691591 660403 691507 660575 691769 660137 691282 660586 691774 660743 691843 660360 691682 660649 691768 660514 691631 660516 691725 660536 691652 660583 691651 660598 691697 660258 691298 660257 691442 660410 691549 660523 691844 660163 691389 660431 691450 660377 691360 660481 691584 660375 691612 660009 691104 660438 691417 660681 691907 660630 691755 660337 691424 660577 691763 660599 691619 660495 691744 660124 691372 660506 691774 660349 691457 660033 691240 660553 691742 660363 691563 660471 691469 660578 691776 660479 691606 660506 691928 660543 691457 660439 691647 660570 691642 660371 691523 
676596 708450 676268 708125 676376 708431 676452 708225 676757 708575 676408 708221 676525 708177 676659 708856 676688 708642 676618 708372 676596 708433 676454 708289 676551 708513 676361 708296 676393 708043 676558 708422 676473 708346 676507 708672 676601 708480 676717 708346 676463 708252 676321 708418 676466 708262 676260 707958 676334 708134 676584 708618 676462 708150 676575 708423 676489 708499 676647 708640 676448 708389 676499 708384 676328 708242 676476 708561 676617 708477 676513 708551 676804 708542 676903 708662 676483 708470 676281 707824 676843 708498 676500 708432 676726 708441 676756 708679 676562 708495 676431 708245 676470 708646 676362 708139 676365 708510 676785 708692 676580 708320 676464 708169 676683 708498 676467 708257 676679 708305 676410 708099 676620 708444 676910 708767 676313 708273 676368 708290 676323 708347 676468 708426 676236 707983 676389 708420 676429 708304 676333 708211 676596 708448 676809 708872 676591 708509 676815 708563 676447 708254 676798 708594 676349 708291 676509 708329 676300 708206 676699 708513 676317 708632 676199 707892 676604 708506 676762 708743 676510 708192 676619 708561 676505 708283 676845 708595 676784 708553 676519 708354 676728 708573 676700 708575 676781 708704 676362 708222 676918 708711 676771 708688 676614 708646 676790 708591 676578 708593 676535 708452 676509 708237 676409 708140 676841 708468 676856 708767 
692441 724993 692525 725178 692779 725371 692702 725249 692422 725152 692491 725079 692659 725059 692832 725348 692457 724982 692503 725241 692529 725181 692521 725313 692339 724868 693145 725579 692305 725082 692889 725279 692708 725312 692728 725107 692524 725004 692575 725087 692480 725111 692845 725514 692298 725049 693012 725711 692635 725046 692515 724947 692816 725358 692670 725357 692877 725708 692549 725330 692855 725517 692869 725506 692672 725198 692743 725333 692834 725399 692460 724950 692785 725437 692869 725460 692805 725087 692954 725298 692920 725502 692919 725345 692665 725445 692583 725045 692877 725583 692580 725113 692571 725257 692552 725171 692585 725253 692785 725545 692826 725286 692761 725266 692496 725017 692761 725186 692790 725645 692730 725324 692842 725306 692654 725370 692952 725660 692607 725087 692718 725380 692672 725219 692691 725196 692412 725050 692581 725242 692884 725361 692409 724899 692973 725518 692985 725367 692522 725006 692649 725643 692762 725162 692871 725299 692690 725124 692940 725689 693014 725582 692806 725484 692702 725211 692632 725177 692567 724909 692594 725016 692494 725190 692567 725286 692366 724986 692650 725193 692840 725336 692280 724804 692365 725098 692736 725105 692263 724849 692689 725192 692676 725339 693042 725459 692595 725136 692603 725151 692556 725183 692500 725218 692887 725357 692701 725085 692512 724978 
708678 742012 709160 742379 709065 742190 709118 742321 709141 742039 708842 742252 708758 742060 708605 741993 708903 742031 708970 742096 708656 742075 708911 742132 708831 742278 708283 741407 708943 742111 708642 741813 708573 742068 708784 742294 708694 741637 708769 741976 708758 741805 708982 742328 708938 742214 709058 742085 708487 742047 708823 742280 708636 741824 708484 741933 708783 741948 708953 741994 708689 742067 708713 741940 708724 742049 708945 742126 708790 742014 708796 742107 708626 741979 708798 742197 708801 742058 708715 741810 708679 741895 708799 742151 709070 742311 708579 742028 708887 742167 709248 742534 709054 742363 708559 741701 708780 742020 709119 742281 709048 742284 709121 742598 708731 742029 708497 742134 709018 741930 708700 741971 709134 742305 708852 742059 708684 741766 708743 742028 708830 742299 708833 742118 708867 742227 708608 742043 708694 741938 708989 742179 708561 741730 708770 741980 709015 742255 708757 741907 708604 741689 708682 741788 708971 742174 708769 742173 708869 742212 708746 741672 708886 742010 708806 741991 708887 742194 708968 742105 708867 742111 709007 742260 708889 742159 708957 742390 709110 742225 708902 741965 708741 741868 708809 741827 708570 741982 708634 741912 709030 742229 708888 742163 708738 742025 708786 741963 709008 742330 708834 742149 708788 742318 708746 742068 708780 742172 708882 741901 
725114 758928 724907 758623 725029 759268 724995 759006 724636 758690 724960 758677 724891 758558 725088 759243 724747 758798 724982 758907 724915 759031 724960 759101 724795 758700 725144 759273 724496 758478 725248 759134 724814 758725 724832 758909 724967 758957 724810 758824 724998 758975 724968 758697 724939 758858 724976 758927 725159 759105 724705 758503 724928 758787 725218 759208 724830 758772 724937 758798 724906 758687 724796 758743 725250 759211 724927 758858 724619 758302 725021 758964 724718 758709 724647 758663 725183 759110 724808 758897 725220 758874 724739 758622 724695 758575 725023 758930 724618 758794 724617 758550 724819 758864 724894 758736 724952 758800 724919 758624 725044 759013 725147 758924 725085 758795 724993 759139 725311 759109 725218 759041 725065 758907 725070 759009 725262 759119 724669 758713 724637 758554 725364 759280 724782 758575 724987 758837 724720 759001 725016 759085 725263 759313 724804 758802 724684 758605 725240 759138 724831 758729 724856 758649 724800 758805 724770 758742 724956 758900 724858 758705 724917 758885 724860 758848 724877 758537 724828 758640 724809 758927 724984 759182 724948 758847 724934 758773 725243 759284 724951 758914 724923 759190 724928 758780 724731 758773 724968 758776 724783 758794 724877 758650 725041 758861 724952 758978 725129 758978 724973 758909 724543 758526 725079 758931 724715 758892 724894 758740 
740959 775596 741237 775952 741199 775961 741197 775826 741267 775905 741284 775786 741045 775582 741146 775584 741104 775913 740814 775408 741050 775657 741112 775539 740910 775651 740832 775381 741172 775752 741293 775916 741436 776020 741126 775750 740829 775378 741504 776205 741206 775679 740739 775443 740644 775661 740906 775824 741212 775823 741042 775725 740674 775225 740987 775590 741144 775780 741139 775782 741068 775779 741172 775657 741042 775690 741228 775853 741142 775871 741142 775653 741030 775748 741077 775679 740999 775758 741176 775506 741435 775811 740951 775558 741144 775656 741101 775857 740805 775464 741059 775660 740991 775653 741390 775982 740873 775524 741096 775756 740939 775583 740658 775338 740900 775691 741203 775939 740810 775370 741498 776084 741635 776500 740830 775682 741291 776005 741206 776004 741138 775797 741087 775704 741153 775968 741085 775821 741016 775717 741116 775778 740946 775839 741185 775729 740734 775144 741008 775754 740890 775331 740630 775550 741300 775881 740818 775475 740979 775561 741029 775622 741360 775951 741179 775609 740840 775401 741084 775636 741424 775854 741092 775730 741240 775921 740949 775680 740974 775736 740847 775461 741111 775667 741136 775779 740951 775604 741276 775831 741272 775892 741138 775717 740849 775597 740839 775511 741249 775653 740906 775451 740935 775469 740792 775382 740967 775608 740959 775526 
