11744 18390 11029 18792 11352 20943 11113 19635 10366 16815 11335 18015 9953 15624 10797 19638 11053 22038 9693 16092 10446 18129 11124 17481 10989 19272 10156 17364 11585 19080 11611 20034 11302 20454 10517 17796 11314 20163 11605 19728 10370 17514 11802 17055 10071 15297 11544 20082 10239 17706 10119 16599 10475 18396 10142 18921 11036 16884 10768 20850 11023 14991 11121 19848 10635 19161 11265 16299 11760 17148 11392 21300 11086 18594 10457 18921 11424 20217 11851 20700 10492 17859 11220 19299 11163 19713 12733 19050 10795 16914 10963 18492 10787 17457 11764 19488 10265 18738 10293 14799 10928 17319 10094 17661 10909 15855 10119 17394 11502 16761 10301 18213 10717 18570 11257 17148 11188 18957 11572 15966 11879 16587 10225 15876 11219 20712 10518 16302 11686 18042 11113 20256 9931 16137 10785 17097 10842 18276 10863 14925 10616 16368 11165 17772 10409 15000 10108 15486 10367 14727 11695 18822 10218 16737 10533 15072 11222 20412 11561 16422 10519 17259 11282 17808 11427 17820 10719 17379 11226 19992 10408 17355 10100 16935 10881 18549 11175 17238 10214 17604 10233 17898 11049 19236 10772 18846 11520 17772 10966 18585 10810 20055 12003 19680 10689 17838 11282 20124 11334 21219 
23646 40035 23925 43719 23197 38778 24512 35118 22681 37167 23847 36204 24444 44262 25856 38286 23878 36306 23904 35571 25025 46632 25356 38952 24829 40794 26354 43041 24242 42720 24101 38277 23755 34122 27495 52434 25348 43419 23534 38484 26845 46212 24042 42771 24127 43320 26613 43416 24010 39201 23976 40797 25463 36156 23839 41298 23808 40737 24142 36861 25878 34509 23345 39198 23191 36756 24396 36249 23863 39153 26172 44292 24089 39126 23138 37830 23510 36657 27050 49017 25015 39090 25633 38022 25900 46320 27447 49797 24029 38580 25076 42477 25374 42051 25246 34443 23754 40563 23529 37464 25547 43452 23916 40416 25421 43581 24792 37779 24120 36057 24476 37347 26635 36972 23210 38046 23773 39441 24917 40896 23516 36036 23801 43209 23030 40212 26476 44331 23763 41139 25979 42282 25877 42930 24583 41322 24927 41622 25189 36810 26102 39183 26066 45822 24449 43563 24448 34269 26767 44430 23457 35661 26495 46392 26221 45690 25200 43182 25800 41514 25355 38901 24858 43044 23479 36591 24469 42693 22821 36987 26371 41040 23379 37722 23124 40425 24989 38328 23544 38037 23345 36309 25523 43560 26977 45792 26432 43008 23946 43248 24130 34530 25170 45582 24264 36534 24278 40473 23930 39426 
41792 57297 38346 65256 39493 64497 39144 71619 41044 68322 38590 59055 43267 67020 40821 66456 38744 58974 40733 62646 39898 60288 40054 59862 41080 60210 38486 65796 38284 66960 44148 74304 38267 57111 41133 67251 38755 60222 39761 57138 40948 61401 38577 65178 35498 60012 36985 61308 41499 71691 36988 57999 37777 63144 41870 71043 38548 60003 39390 59010 40986 63567 41478 66930 39126 54462 39604 68982 39050 60285 37200 62226 37809 60900 40877 62733 37739 62853 40139 72816 38829 62082 37031 61563 38540 63591 40295 66252 40674 66603 43333 62886 39585 64404 42773 61740 39880 70947 40450 56271 40227 60741 38594 62079 38878 67077 38000 65007 38507 61545 40728 67578 38843 64536 39901 62094 36458 56868 39396 63426 41072 62223 38708 63414 37421 61116 36502 62010 42146 69771 37548 60237 38542 60864 37554 58947 38195 63960 38175 61278 38838 62247 38138 59118 40063 62403 38049 60561 37206 57660 39060 68118 39594 66237 40101 68283 39275 61986 41227 63705 42551 70797 37783 63393 39750 62745 39681 69753 41103 63438 40359 70587 40631 68991 42204 58086 37365 56556 37363 60708 39947 57879 40089 69984 38702 64791 40425 58965 43446 71568 36123 57954 38945 64950 42726 69324 41367 65688 38538 56661 
56174 87855 50600 85890 53386 89460 55721 85416 55061 77535 53119 90270 50905 80673 53175 80703 55889 94140 54022 98880 52655 81600 56760 101730 54619 77079 60605 95022 56548 93162 54911 94185 51582 81429 52839 82215 53735 92334 57366 107751 57232 92739 53857 93858 53225 86178 58375 96954 52201 86808 54503 87795 53746 82488 51873 85206 53652 78744 61243 112224 57155 90330 53778 82785 54763 97134 57700 98907 54606 86934 53586 84891 55252 95646 53942 87705 53427 87405 53986 90768 54226 94431 57086 97044 54318 81894 54680 97404 54434 92436 60283 107697 54443 86226 53785 83439 58763 102585 53261 88074 55548 91665 50856 85305 59485 97854 52924 83019 60451 107478 59762 86295 54604 92565 50399 78144 54991 93318 53113 83115 52901 84549 51383 82053 56755 89046 58763 88362 56829 102624 56427 92553 55123 81810 53249 80817 52780 91662 52129 82041 55680 94647 56891 81045 56300 94335 55288 93222 56768 85851 57592 96105 53500 90765 53363 73221 50473 85689 52689 89433 56787 84009 56379 91077 56300 93717 58883 93273 54661 87396 58782 87450 53927 86241 51858 92526 57278 100752 56485 82758 56678 92211 54490 88767 53242 78534 56115 82638 56816 94032 56282 88935 52542 82785 60803 99540 52855 95907 50196 82245 
70208 114645 79487 125274 72985 114132 71915 114882 72203 118578 70547 119607 70273 102375 70979 120600 68805 111231 76354 126060 76511 126654 69611 113118 70135 110706 66290 108909 72425 117105 66292 112125 73098 102975 72273 119775 70655 121551 66235 114123 66790 101034 66389 111057 72309 113358 68078 107175 73398 117624 77373 124647 67757 105510 68832 116487 66830 112428 72790 123921 67443 99348 73481 130095 77196 144483 77767 132702 68335 107205 68375 112083 71536 102639 68942 121041 70734 122370 67731 100677 68971 109002 76549 119787 70675 116649 69060 107718 67462 113583 78267 113823 68771 100641 70311 113328 72215 117357 67955 107175 69759 109164 66705 110445 72775 110820 77664 137532 75107 122862 68240 102990 76648 111861 69896 115671 73274 106974 69208 110835 73245 130056 69251 110922 71727 115053 68164 110661 67015 101820 72010 99132 70688 117468 69081 108615 72864 120792 68666 104502 75278 109224 68334 116562 70421 113271 68119 106536 73167 117072 70645 113994 66349 96387 66774 110664 71226 106980 75024 125010 69684 113988 76405 130707 70569 112242 67751 110796 71603 107598 67966 104625 79116 127275 67728 105786 71027 106779 67057 99201 72000 122091 69859 114693 75068 120309 71492 114108 65995 102036 67281 107058 67308 98274 68858 109851 74756 108987 76931 129714 
81753 131235 85312 151143 88431 148569 87658 129864 84953 129864 86390 124317 92606 129555 89424 143316 87445 138657 95069 123150 80449 134424 94186 134766 91109 132978 92226 143367 85476 140109 87250 133257 83925 135639 86979 146829 85912 135306 91538 147783 93569 156633 84818 145686 88964 124065 89090 162342 89799 139677 84189 134727 89064 139296 87865 128802 86187 139695 84887 134259 83091 133143 92093 170382 81555 123531 88601 153495 85653 134394 87162 138669 90284 142200 97259 188274 91771 175557 83792 141636 89884 151812 85045 130710 87369 142488 88253 128172 85234 152484 88903 163503 87286 152217 86408 131694 91614 150639 92153 141867 88718 152634 83661 125811 89044 145815 91848 131154 88801 126495 89175 146886 87473 134304 83077 140577 94176 154092 87831 122061 86258 138225 90947 165243 85675 140664 89688 148212 85037 136056 86220 146130 89948 147417 94014 146652 84065 132039 90563 151443 86731 152169 86138 127743 85326 137076 93957 118077 90238 152001 85860 148782 94356 167997 83667 130947 86786 141192 84088 125976 90130 120234 88762 156747 83056 133599 87094 153945 87243 138414 86192 150138 82237 128895 84924 141207 89553 142407 86001 131115 93731 132726 84758 141135 88386 147120 90947 140871 87217 135021 90603 143358 84208 133785 88047 154044 84620 125430 83528 142272 
98228 158811 100906 156873 100797 149616 100375 158907 102810 172443 110560 179460 107220 183288 106809 157854 109612 181146 111360 148260 105105 174909 103395 169584 111621 195291 107283 181953 101312 150999 106529 175941 99601 156213 109626 171564 104353 160194 112622 178473 114178 173301 101036 161577 101108 166326 118566 166191 101233 171090 106848 154488 104158 164565 108568 183150 97971 157704 104485 180183 103544 161919 111274 195345 98902 153936 105825 180729 105722 173934 102215 166947 101650 158997 101636 178398 106366 176754 99301 172164 101669 154179 109719 168282 115649 203841 105178 163845 102290 164208 96153 149832 109879 170670 103980 166572 103234 167520 100430 155868 103128 166404 109868 178275 103619 172470 97906 157029 110218 182805 109823 164748 96985 153933 104847 155583 110389 152727 101304 165162 105058 170208 103396 162306 104259 165930 100201 153504 106568 184422 99015 150402 101166 162393 101375 167832 101645 155685 105068 163404 113074 191367 102957 149088 107761 182448 103989 176148 103770 170115 99368 153249 104194 155955 120809 197385 97831 162003 103013 162699 103369 177291 105833 178161 104074 184203 106218 167622 100985 163524 102486 149973 105147 183075 103811 162333 103051 182634 101313 154764 100639 167394 100960 164976 107557 173805 101569 167697 98677 147945 105502 170991 104820 155379 107344 184041 106049 171135 101215 166641 
115120 201891 119538 195144 117532 196239 119391 206472 119125 166437 119213 193941 126763 178353 121644 199446 122272 206001 122153 207747 127037 193437 112659 179610 124642 184215 119021 176055 116743 189834 113140 188781 115266 189495 119172 200835 117823 177855 123844 203742 131597 201711 117369 187470 117465 191094 114580 182226 123740 185355 123386 210204 117750 162417 120004 230328 116471 196635 117288 173034 121673 197256 126630 181464 118967 191544 117534 192591 117809 189309 116723 176328 121134 196473 121512 197067 118319 176079 115068 180567 125954 219873 124353 186090 119725 196614 116920 192828 122194 193929 119389 180024 120068 189456 124550 206628 125611 200775 116246 188208 117014 177789 120082 193473 123356 188082 116281 192132 118722 182823 119704 185817 118498 197838 121886 203286 125417 185607 118747 175749 116102 191499 137553 224649 118358 195711 118392 193542 126673 203931 125225 203349 126223 200010 130338 196812 137496 237996 116597 168105 119337 193509 124110 218472 121133 203484 117927 189963 118928 186834 121548 201903 116259 191835 119186 197442 120681 187218 121560 201282 126879 204483 115819 193632 118940 169095 125633 193725 117841 193194 115702 201255 129362 185184 117117 180039 114964 179490 121820 194172 116972 196464 123596 197598 122223 203214 123609 198912 126197 209115 121205 204363 120042 194160 116694 185475 121048 191043 134617 199542 
131565 197907 133309 212295 135590 215262 138165 210801 142379 217839 133688 206856 134139 228882 140655 215799 137040 205488 136366 209943 133013 217008 152197 237153 138224 215130 144960 237039 152794 252456 134027 216783 139296 218451 141737 231480 142557 188439 148350 219249 145168 235458 143804 250245 133653 224382 149363 192735 155790 284217 153581 208233 141346 219294 138857 205164 142617 240417 130616 221472 140502 243513 139747 211746 147471 225507 150809 235494 137417 213987 145960 249834 147021 226974 136793 230052 131025 205689 126733 201696 137021 216594 131118 226143 131755 201654 140572 197031 142318 231534 136076 205203 135505 219585 141377 216327 145027 215229 133670 207732 143089 248091 131976 199362 130719 193611 136576 202089 142992 226518 131707 201573 143436 231438 146819 204882 132087 218463 146931 224343 131019 217995 138645 217674 133831 222909 139131 216057 136996 221826 132172 209328 137738 210096 137205 207132 135258 205161 134470 216174 134603 224451 138984 212625 136867 212268 138793 207933 146561 218094 134751 221439 138370 218583 130975 202797 139617 234279 136646 227607 144708 254184 134337 232881 132303 206955 133794 216720 132470 217002 133195 219429 142979 218349 144064 226785 144526 210765 137948 211644 130901 208218 139597 210072 131447 218967 143933 256941 132253 197511 145273 243672 143330 250974 141254 270414 137906 211110 137442 221643 
170249 269760 156422 267351 166025 252528 158509 269250 146400 247488 152182 233136 152685 240417 165378 282309 169227 309984 168422 248631 153516 226320 150182 251055 158655 259011 156115 275631 159688 241275 154141 249186 149818 251097 153024 227061 150656 234525 152607 256311 152306 241662 159858 276228 161374 243978 159446 235509 159508 234024 150823 232035 153284 259665 157141 221832 159970 223347 149738 260589 148449 234573 158597 232887 150835 244161 148881 244047 147929 241440 172960 291465 157529 239886 152345 246312 166650 295530 180312 312009 148048 230388 151123 249375 154069 231096 166967 253464 161062 251871 159185 252636 160201 276870 154765 255183 148280 244509 159560 240882 146662 224508 158636 250851 153859 235446 156288 261417 163129 228531 146437 230334 155825 266781 155766 244497 151017 222039 153829 250920 153536 254565 149165 243699 165871 258825 158943 246474 166022 277743 165295 294090 147966 248694 145633 234225 154206 269490 155660 251064 155093 274269 145099 240231 157242 246645 155085 249540 153659 239139 150764 240501 160530 255234 151518 254409 154377 260535 148253 245439 149610 250911 167227 286074 165344 291459 153430 249096 158358 229293 153428 233901 162576 208773 150928 254751 163775 229581 186359 333078 159666 261855 157497 250128 155723 249231 155840 238008 148498 222495 167204 279261 154125 238971 149027 244767 157810 275715 156249 251421 
179968 287793 164906 269577 166206 282996 174126 274845 173882 279240 164601 284337 166507 276228 167249 266667 171823 295269 180832 281034 168718 297996 173154 315666 170193 281541 174763 282123 169279 297711 173127 277026 168414 280347 174229 303714 171200 276732 167092 270141 178826 280962 172039 252408 182108 323223 163796 262668 172343 275040 179182 276618 173528 277926 171328 263523 182575 271170 181766 269640 183980 261033 181185 252903 185931 323970 180359 266187 170742 265752 181387 261777 175545 302115 176309 287346 164892 277038 168678 282618 175429 263880 159431 264636 164659 262671 177314 285009 178363 289428 167297 255498 175702 260973 163808 272109 166470 295401 172746 281046 170896 282138 176886 266619 195581 316845 185234 258534 171495 291918 162431 261915 181116 311037 172891 286560 181033 262893 190624 279618 169296 269958 171248 309141 174449 258171 169691 274854 172691 255030 169466 265260 186402 294165 169866 286746 169030 259404 169307 268293 176602 318783 174476 239466 179285 296883 173310 264723 188410 322812 178751 265854 170290 285342 179459 254376 170272 289047 173835 279297 163888 270507 199730 363195 179233 300213 176756 257919 175347 287355 165571 265230 174909 266013 184805 283191 170007 264441 179171 300468 166048 260949 172844 288669 184988 309819 174853 270117 170532 272994 180440 296814 184469 280611 171960 258441 167937 296643 173141 285030 
180911 306492 182729 292509 191484 291933 191833 318165 188754 328335 190919 302880 181938 287493 184461 296031 228541 320532 188637 313206 199336 338796 182181 282018 193282 296877 194385 317976 217286 412065 192139 309450 199187 277077 189043 298461 185834 303795 199684 335850 211243 306537 182075 292101 205881 355497 194743 342033 189039 287904 184757 302244 179900 294147 190205 330195 190117 312528 193983 332193 182351 279096 202966 329025 210729 300948 186835 313263 178621 270660 180042 296112 186232 277707 188587 299442 202783 284844 196753 359310 188038 300612 208375 285909 197038 342156 192682 280422 187645 309111 203770 297750 189117 314745 190289 339393 191413 353499 180424 278499 181371 275205 195182 318213 181586 286986 187974 287511 189834 281115 199538 286716 196261 339099 190488 309777 183677 299805 196153 333282 193231 272370 183719 305760 199863 321270 182313 298464 188829 283191 196860 331629 190784 337314 190917 316923 193416 310050 179605 274734 183683 284763 180684 294762 180315 274992 206915 347247 196177 307059 194195 319983 182392 287505 181154 297840 192325 320472 187289 311265 190902 290835 191211 327081 194534 270432 202730 294267 216361 332820 199305 340998 186817 292482 196131 299340 184970 296097 185977 298752 201431 300867 191462 290598 188598 281835 199828 326568 190081 324579 193628 288837 200067 338604 189541 278238 194084 275055 207494 339498 
218514 390336 211544 363666 210368 311052 202007 327570 210274 314040 210668 358818 203318 326148 209632 293139 215122 331746 226974 350172 202675 319119 210790 341145 195556 330405 203091 343983 216655 366939 210926 354243 205875 300780 201530 295377 202620 287028 208440 340989 200558 325002 207791 294897 208486 346467 193740 315723 205809 323487 207674 344313 224426 294177 218247 339219 216537 367734 197053 299853 220795 333366 210236 296112 202358 345312 202779 313917 219822 338154 201000 313101 233108 358692 201935 319266 207532 324678 208418 300141 199439 347823 205418 341043 198389 334623 215715 355404 203800 309972 200214 331956 198378 307422 232948 325647 212442 318708 195125 311196 220925 330522 209341 310722 207493 346752 213887 309834 206760 316734 198808 324969 207346 368733 218614 335610 205459 308187 216395 312138 208961 391962 211080 304908 203305 318966 214804 313821 214903 301893 206231 322809 208081 346545 204931 331980 211221 368160 201191 330696 204875 325602 213194 356814 206904 323628 200180 306594 225404 337989 199469 302547 216171 307089 200654 320958 216594 347346 204947 343212 218834 370242 209616 327816 203249 313029 222087 365859 199549 324339 220557 370692 203361 344799 212671 336969 201152 324141 203714 340269 209196 312588 214606 340908 206117 318624 197623 327255 214025 369207 218231 323238 220291 328779 222893 369990 202948 305502 209688 319317 
221873 373389 259354 379440 242230 360513 236764 414222 223920 349905 225015 337179 212482 331116 215758 369678 230866 384939 237398 384792 224321 327915 225773 400584 230300 358494 221917 397920 225139 376608 255468 384840 230237 380469 237155 418869 226734 372942 222707 370284 218725 315189 225634 366492 225699 362652 218342 338784 225473 366525 221715 383355 220377 360501 235051 399096 218266 347340 234088 401976 220350 344757 223108 326088 229628 373551 223367 361449 213170 335328 230409 370011 219108 344751 225558 349923 236837 405396 227397 340626 219984 359730 213989 330762 227657 387858 227925 351897 236758 361362 221321 383574 231786 350889 220588 381867 213458 359364 215745 359190 218527 328974 234182 345900 222022 370890 237511 357045 222612 367224 216540 344454 222359 342147 231498 395676 224115 333855 227803 377931 224729 389652 219009 334338 221804 339114 255638 390756 220396 337551 231006 377520 223914 362934 226317 360768 240944 417540 221843 363960 219003 361569 234054 377298 227960 345075 240227 379074 220208 340179 212331 339249 225995 365904 224621 371937 238656 439941 234410 377139 242278 383886 216613 318888 219757 333036 235705 396249 242403 379761 216796 343080 239980 380811 222850 375018 226009 393069 218959 327006 239707 391098 218566 344373 249577 391497 226043 379497 216456 369246 231335 380286 235202 373140 213649 335919 230524 407847 235694 362556 
251479 430356 254000 402480 235331 402969 245854 402426 277577 424467 236932 400200 242901 396477 249756 391974 229054 383373 243069 377574 251766 438750 236277 397152 234794 380769 252421 400467 236033 373164 250639 352185 236285 360240 252775 392751 236597 360900 245363 407874 247521 364299 241786 381030 254103 389505 238717 353181 234386 389016 258650 418032 235820 366636 239080 403266 235373 381987 263602 413439 239578 359409 238605 340890 243893 404844 228969 353352 257491 441102 234178 363141 243939 363408 254153 411678 240879 348801 248288 399924 247439 415767 254615 432330 255752 433026 240241 383163 244031 398283 244153 396441 236931 377817 236669 381696 248903 362109 256184 417204 260722 461622 255632 418806 239934 346002 244559 374172 252967 395745 234896 380457 257496 415011 239845 409191 243094 375042 248444 401724 233547 376941 245951 395733 232796 392115 233788 348756 251119 411240 252397 382443 250511 423021 238296 376692 238669 391971 264150 418359 254936 401379 253042 430956 238321 407853 240092 403662 253517 392565 236008 388116 268056 427209 248837 363186 248394 357729 256184 361662 249862 419904 242555 392805 235569 380643 247072 383487 237538 361566 242623 399354 257578 386589 236844 365862 259451 431262 255603 379350 238430 393297 249569 396519 248929 383454 233470 387933 244539 401595 240581 371571 245325 373275 253935 405129 230288 378342 238323 350697 
251066 421707 270365 453021 260844 404562 262038 420471 251755 413337 265284 426168 261767 438120 255904 426792 272236 440970 252804 372993 264287 416637 259288 417543 264833 403758 259129 434748 259780 444774 282367 434703 258133 407193 259615 434691 267744 436482 260253 416724 264605 430539 260345 421221 266501 430821 265032 418137 259916 473499 274793 439887 265791 413814 262460 448275 262051 399966 283585 463653 251199 406224 261957 427014 265292 435078 262648 450300 290770 495276 293693 481809 294574 446523 264961 466452 265938 405075 261618 414249 263180 428316 259796 404124 273057 429090 259591 432336 260342 408228 259104 440799 262839 405237 254831 379569 248530 402051 267821 427353 263269 410568 261778 443418 251910 405033 258435 448089 250663 402861 261937 407946 249688 374106 277717 455604 252828 422814 267430 457227 262909 414204 269345 414057 270571 421287 260200 404805 259413 393744 262968 412968 256006 377370 278331 488370 260217 420525 262074 427926 268994 478725 255283 383817 270885 472368 256858 420030 265236 397305 271826 436590 253661 439134 259104 399147 257764 437349 255956 414204 253143 400152 271829 439254 249091 391335 270677 468153 263578 407703 268262 447390 255201 412512 245241 380112 268471 402786 262093 409368 255966 418458 267173 402324 270350 413085 269551 482535 257204 407382 255872 361551 268642 412185 254455 405831 262566 429786 271825 462867 
309621 507231 282990 460332 301123 489153 318056 507507 279319 464802 289369 471396 295096 442314 263257 438336 283225 437034 300401 442884 298901 519399 276521 430875 282609 477006 291105 425751 270046 419853 280903 436299 290862 427602 277000 402714 291145 489870 290854 469041 284160 474585 270644 400128 290525 464919 267779 437835 263665 415503 274161 448074 277834 480675 305884 442524 273582 425844 297223 498240 271631 418764 275389 463368 282599 491220 294073 489339 292204 475059 286509 447261 286187 449439 292293 482652 276310 425319 299052 552039 269082 436518 297979 542946 280665 488058 304614 582723 284537 460605 285743 517116 284980 477060 282032 417351 289725 433788 273769 457389 298849 472095 272045 442368 273972 411825 302599 513375 288389 460911 289153 456669 274101 428499 277444 451134 276448 391371 274111 396882 281522 425946 277213 471864 289907 481620 284014 495546 269804 450330 269721 422217 277916 411057 277660 470826 277918 424005 291308 479724 293276 481305 285116 503958 281151 439269 295092 470763 272763 431388 282725 442989 307783 453972 285506 457656 286109 456099 280366 481812 277631 470091 297587 481200 280666 432387 280009 447369 274539 441066 273014 434502 283131 433479 277646 438846 292038 459135 278596 467445 284856 451461 273354 430095 281844 405174 271785 450390 288860 508278 298723 443847 278759 404373 280743 428286 307930 511662 284621 491475 
305437 496800 298839 474663 305786 510321 308265 515889 289284 457728 321859 540489 323467 531618 315980 500313 290616 463494 285175 468321 302190 491964 285799 439521 294282 474927 303846 487641 299628 488973 299217 530907 336460 495768 296869 435951 288101 447255 294710 481902 292261 497511 303628 445413 289385 485061 288720 465567 288749 473052 289196 472479 289747 512466 315785 497691 296585 455388 315296 482043 310022 498489 304493 489939 295221 445437 305547 488067 291251 466851 298959 458262 308719 484701 298234 522468 309577 573843 289035 448887 314538 475104 309918 474072 303721 463494 294900 453837 287377 473934 294181 456417 298734 462138 297888 455523 307303 490404 298982 513513 332271 449682 298678 454281 302407 504255 298681 448308 328422 613905 289634 462471 300378 502485 295328 468630 300744 455928 308729 450483 309015 495837 319733 451392 303561 510639 304798 533595 290477 445404 285158 445971 304532 496107 301270 484167 292537 415047 297840 541584 297501 442977 298851 491199 287373 457770 312548 511203 296572 503181 320533 499608 294629 462045 307965 456081 302799 498762 302797 478797 290543 482688 294629 494670 294311 485760 309148 569385 297453 507081 309923 511140 329879 545007 312879 487086 325204 463761 286224 458415 293658 478968 296191 445152 324813 555387 321378 482490 295388 506778 299181 505206 297811 470679 296617 513183 299944 504396 293741 502311 
330637 511704 330583 553785 324579 542946 322521 516465 315575 521763 327373 482241 319816 542115 323637 513405 330550 561003 331487 490755 334831 523539 307237 508827 307105 494898 326686 561756 328747 468675 347109 552240 320388 522018 330124 542316 313137 518640 334350 493113 330787 481551 336255 600762 322223 479301 319841 540333 300524 518778 314770 494664 311356 484149 303014 500163 343290 600666 311397 489867 318598 521010 304133 520341 319899 503085 327901 517716 307227 486180 320319 442137 330186 539904 321166 541422 304642 530193 326289 551811 319738 490872 307425 516633 312115 531855 344254 594930 320139 492864 310005 529854 310393 501624 327173 555804 311290 448170 328285 532401 347935 470178 315407 500826 339614 539979 333294 499113 338179 562980 344447 502530 336122 566772 341455 524046 355996 561381 342433 536460 315912 468216 304090 464463 331149 532779 317838 514869 334433 534375 309206 474861 312446 490668 306741 520833 319113 532935 314962 489774 330823 563040 323784 487848 327685 506241 327452 510087 315545 499353 326205 536532 319065 483426 322887 522726 327023 491844 318823 495534 328994 531501 324418 551187 351260 524844 317092 516015 309805 519942 313410 482055 319553 480954 328193 505830 304482 502761 319706 575916 319196 480051 323441 551565 320721 500907 324285 508920 318511 523683 323934 530520 352235 586695 328057 522201 312313 480888 312340 458157 
327525 531198 346612 569193 344953 487149 339047 562326 341928 569706 359714 607077 320994 513813 323746 512157 357176 544128 348780 623814 337359 547680 333621 549756 341967 581238 374724 615660 338312 502356 348676 487455 321983 488844 360281 570654 348063 564243 334968 538746 352297 638379 343895 500613 325775 543297 321817 501351 328756 551781 335860 530217 334536 569346 342384 563106 326789 513297 329948 538686 333126 554178 322838 521142 357464 551607 379038 606225 324945 538032 321339 496242 342488 580707 334038 539910 326358 521664 369515 659013 351686 559185 342424 553308 359420 557001 338653 518514 339955 539382 333854 589278 336057 532374 334669 514395 331190 511887 322000 508935 325125 507327 331173 525912 323543 472530 335199 543504 341462 582306 328621 520404 348702 547560 335104 583872 347354 559920 372821 663081 320612 517614 320822 506796 333665 539688 338433 561375 337056 528678 359490 580062 335848 536685 330980 559074 332522 500841 335931 537540 332320 523974 335973 533046 328605 526194 341514 562479 325972 546543 332637 571593 331570 556170 333982 557319 333287 577296 326681 535959 328860 544260 336089 583437 349380 510360 341829 581424 349941 514494 328947 514155 365003 571041 340961 483630 342839 565950 382310 509124 355418 557961 336298 536976 336040 520986 319044 508104 350539 588969 330711 540729 328150 507405 336460 566832 334763 489123 330421 537165 
352215 570075 354474 568632 376734 638478 361294 596118 339409 581331 368056 570399 350637 555069 361832 562272 363597 610032 339884 542082 343251 556989 350166 555870 348279 606144 356951 596034 353745 562176 341005 563862 352489 540363 377872 542322 376775 552996 365356 589293 347191 544077 356221 574941 379664 615111 366920 639120 370872 642891 380171 499839 338074 553392 374935 568527 358441 522015 361606 515544 352319 602244 390220 694815 356646 597426 369017 564693 351882 579657 344680 538848 379976 592233 362092 561612 359342 629700 351890 569259 379174 601656 365315 618474 353713 582879 341263 565512 358317 575550 353433 578409 371950 575325 370919 595728 383115 559617 349251 581547 353058 600843 367156 557943 358510 576315 346870 559083 349273 573222 348870 584811 347972 565209 352370 576189 356373 523539 357184 600438 363934 606654 346731 562998 374518 712563 347302 564744 340513 547728 374615 630333 376078 593796 344183 586827 357343 610701 360580 602805 360437 546249 378048 616782 346177 584973 345519 564366 344911 523200 347537 560490 380913 602589 353078 570774 373925 540858 379328 593151 349695 603906 371172 623853 375617 645804 341641 528309 353239 566319 382762 539613 373918 565245 338469 531525 376714 681036 352260 567579 365896 610338 347960 527988 388406 569010 348789 548091 341165 592458 339847 547425 346024 557049 355912 586689 353712 590856 377233 616647 
380017 687138 374924 591621 365581 600132 381556 596739 374426 584433 384288 573453 390213 641337 368725 618105 388538 662772 368619 642882 381536 579909 364614 538956 366234 625329 411879 666123 373667 581964 374467 588993 383801 534120 387031 695358 387428 599991 399519 626457 362973 595842 409927 689439 382874 609084 363713 560058 400670 635910 356729 600072 375822 592929 370520 607638 383996 639078 383694 666855 366166 581799 372533 553842 367696 572781 377952 636219 368204 594057 374585 609240 366204 616119 372835 564957 367132 589377 367713 586599 402059 610824 398533 608367 374219 608604 369617 578061 393509 593955 377353 574479 375618 640320 365745 584073 379119 575652 378111 609510 416744 597525 365658 600897 377180 680100 381720 640833 371773 576078 367626 617895 390430 689706 381035 635583 389133 608394 378108 646959 399808 731910 391428 654684 377153 657810 380278 616365 361548 621744 384970 588681 376954 629880 357817 582510 379371 639828 368405 562266 377092 595560 372674 608493 370528 569916 384366 646203 385494 653655 368970 621732 433620 619590 372852 619158 364722 559653 379417 535917 356018 559242 378883 594360 381441 599865 380880 628503 375818 584853 412211 681978 370134 625281 364338 551304 379700 595503 366466 615495 368425 626769 372896 610545 375545 610110 355775 575520 363519 614415 390429 544395 394123 595752 362862 602736 380266 610020 362421 582675 
395834 670017 370126 574836 376227 582945 406417 668775 389780 633183 395453 690918 382235 633534 407777 556377 410407 695766 399978 637368 391117 588081 413006 675081 399309 646839 396301 683949 420943 591012 403205 644226 419079 654513 418580 644871 402942 613848 381422 613260 378081 602040 397825 615867 406741 696858 381705 647502 410416 685335 377777 643746 395403 541767 396754 657639 392569 618492 403900 598458 391772 652266 374512 608646 382316 629697 405950 582870 381455 627186 386633 610578 431364 645048 400013 671970 383554 656223 407092 597555 385693 607701 378283 610149 395178 651375 420376 682761 376991 656265 418987 638157 400252 637953 422321 738186 404451 629139 381842 609546 378818 602208 392368 596958 386353 633918 390662 629073 389578 597243 380638 600366 405282 661893 394255 621966 380869 579834 390573 650091 404749 678063 387664 617760 395172 696084 380815 626586 400643 583182 400439 600927 402152 702495 391252 593664 391337 676740 392985 606975 435633 646107 408879 625746 377187 636462 387141 559287 392461 647397 423987 626568 392077 608988 393425 602184 377786 586683 392521 647220 383862 630816 390003 602940 400280 640002 413628 643917 422259 631512 407758 695022 409844 703719 401982 601929 404096 631332 386365 644979 382364 600309 393779 650019 402692 616734 397381 634734 388518 603636 390789 625275 396564 619563 396985 653820 379449 661311 404253 614451 
408489 653346 400084 627915 404419 634710 418074 606714 410534 650265 403257 647487 407630 634752 450356 738657 414978 675270 448551 714672 401843 633915 428219 630612 412089 684009 420950 616299 437653 687903 409270 658806 417178 616809 412748 636633 408680 665754 397982 657609 430935 696201 430994 719016 404671 668244 406729 635019 410834 639774 430949 661545 418686 692922 409008 654939 422966 650367 396386 624138 408545 682278 403050 663201 420901 706344 416100 656604 398984 630156 410588 702696 403551 597561 391907 605493 415653 657234 414384 713082 408516 700353 399202 656997 414296 674091 421714 677352 418132 703785 394520 617865 403211 620634 413722 701886 423172 667251 409780 636432 408720 662859 396980 632691 419679 703197 416799 685449 433524 758877 399629 604119 398768 615042 433030 713283 396040 665643 400788 632739 422986 682518 432893 617550 418902 628431 438315 714282 404468 660504 431809 623919 418369 647232 399234 630309 426851 676896 426622 667791 404026 645441 447793 713082 405522 633285 416215 585558 397598 674322 478960 880794 408529 633729 411435 679992 419479 625401 434394 670146 402259 595800 415194 594192 405910 629958 403288 626412 421761 704514 418165 643677 408990 638202 400114 643551 420090 652683 414020 640785 402284 630816 410858 664746 395103 615948 422948 716886 449923 677844 439372 726336 457839 729693 393999 580875 398155 626796 421616 655047 
417327 668994 431704 626937 455209 667977 437547 638229 438580 704934 443165 761994 477975 751053 449946 765084 430867 754275 410611 606777 407515 673959 406491 648270 423038 667524 424113 636339 439040 665742 433180 686385 439545 680649 421893 614133 458906 721395 428423 703518 451107 805905 433404 675801 441261 678183 432032 653538 411495 682293 431894 743571 438810 727479 445159 720468 430366 683598 404077 650670 427965 732192 447437 734037 437642 683499 441444 678267 418124 696246 449827 739482 428017 746241 431716 737874 447319 693693 463715 779481 433684 727323 429978 671670 422643 697893 444574 705420 455358 717873 432392 646296 434155 717465 417581 676323 439536 746907 420983 675621 431640 688506 436259 661719 437299 648504 422164 632475 445824 696378 419705 667500 442436 698493 430627 653508 423876 677781 469226 721299 417751 620226 453772 756222 442063 691092 464042 680691 453746 688188 435489 644058 428477 659859 409333 643806 417848 647574 434026 734208 428829 702522 420332 703644 496081 707091 448451 777438 440606 701673 454200 729522 428824 666225 446787 674631 463373 700578 434258 679740 433026 669057 442597 644718 446164 702375 448019 780237 447373 740418 436645 707034 453775 787584 429752 682671 452045 751731 476629 826266 441047 699327 420557 635865 448193 783744 430967 681786 404522 644910 429860 659103 425142 670560 454711 711198 438427 662022 453936 715611 
486568 738666 443977 671274 441235 686655 484864 756222 426939 699102 493427 749277 429960 660753 490687 683982 427833 706032 445737 693174 443880 692958 442257 684042 447096 702327 429753 698622 435363 698718 449516 758340 445520 699726 467674 782754 447996 737994 447609 703179 455233 742239 438709 686142 460240 706155 458776 715623 451023 759153 460522 713277 453391 779430 459611 730419 489932 676710 450453 746754 462467 707274 455372 766134 446401 769707 443091 727959 488149 788055 455199 749043 473976 712080 451054 736179 457542 740199 441767 765450 434146 741231 439912 731250 451536 723048 488535 780303 461279 737775 466611 743538 468524 737910 436350 706128 456840 708399 447222 657888 448917 720330 444832 727143 456157 644340 457725 700683 470438 761388 436986 726549 422861 699837 484758 828654 435763 665433 440617 699234 447551 727848 483239 677820 436413 701796 442930 709119 483101 699087 436589 747234 448862 747558 464277 728970 427111 698205 424773 675582 451286 717879 450712 751737 482028 713700 446725 735000 451384 751287 486142 794910 439985 688308 460480 716472 446254 651318 423671 699234 435310 732174 454044 721005 438912 721197 442127 682851 441778 694272 440899 760845 438313 668910 443485 721272 436427 682806 455965 663357 460351 703497 456241 762726 436878 709395 466477 690891 473662 754548 431409 708717 432232 682758 454319 683742 446393 686853 458282 777750 
490316 752163 465392 717591 465544 707919 450807 746274 507389 881103 493315 789048 475096 761964 490833 742947 475246 785316 469780 750867 461687 731103 470609 785559 482195 742647 477168 766692 472875 704682 462609 710298 454509 764250 481354 799236 467547 769302 505645 822498 459721 695442 488795 709518 470145 725676 466725 748527 445736 718476 519234 855687 476773 735900 504822 744876 459858 729390 461695 716604 469444 775170 461187 713337 471918 772065 482797 809976 478305 754164 461740 692109 483097 818478 475687 669342 464704 739413 445842 741201 495357 711468 483934 754203 492475 765582 459165 671391 471614 745590 468665 694173 497326 817971 492400 761838 495477 771690 455992 803505 514722 866976 452551 651489 464650 715620 468705 765180 526877 793848 486395 786567 477603 786309 488505 791625 463714 747150 463663 804192 488142 787482 455548 691956 452164 773718 476595 746061 481749 761532 463234 755364 442562 729957 504118 840999 480380 809901 469481 705030 451598 748527 460591 747513 448160 742821 449293 744435 456145 693759 498636 808200 452485 743775 501421 792864 450210 733044 508151 880281 491752 779598 474829 770082 461758 756843 462084 685152 482704 787005 471420 728760 468520 800580 490775 880557 480548 813615 472397 730113 453555 730914 453323 755082 465037 795582 449889 695688 475339 689565 504321 836832 465285 727536 487719 779181 512020 798384 473061 810666 
481061 781527 498634 813762 482883 720069 480911 782799 489977 817653 487724 747228 476645 779145 497269 789411 513755 742173 481513 830079 511796 793422 499749 817875 472875 768450 514299 828642 484624 815226 484210 765561 479916 772731 542579 862389 509529 801129 491737 847836 466236 763758 483325 718497 489175 739677 503381 796989 528165 889518 512271 827064 475800 774819 482812 747813 473176 765522 553959 817752 481024 755670 505792 814536 515779 810804 511959 879273 502093 787383 488038 826974 484600 744837 460891 726681 515369 908238 486432 778239 512881 779973 514517 778548 464241 748842 513713 818169 500223 772953 488362 722748 482148 747762 490020 826737 512756 829848 494087 802821 470427 744837 492127 772755 470908 776559 514450 805776 482851 703566 476572 775617 479874 720036 500758 821463 471069 756318 498899 818811 491559 737028 508703 838167 496845 775893 542581 859128 486947 730056 468341 732681 493223 736686 489877 787581 469390 770166 494233 760071 467095 747975 502908 747099 472328 711825 491307 736698 496276 757914 500327 788313 487947 815922 502355 785052 487997 726705 502304 855306 529763 869307 489472 777975 492253 733431 504124 844839 487444 712899 477542 742008 503456 850836 476006 707385 477470 772800 494548 801057 489294 769011 474457 750534 508374 869937 499174 731871 489344 779292 477898 774828 501019 816951 485157 784113 476186 759069 503320 832368 
541036 831567 516538 768609 524343 898746 539762 800085 525091 917607 504933 820380 491810 753867 487843 733479 497446 816618 497205 809445 540428 843159 501836 790863 515448 832458 501277 790038 524555 787806 498824 760179 520322 839430 515420 757944 499066 785643 511352 795696 527761 880137 518922 809133 525655 794934 483516 774702 500107 770103 513173 862095 501432 781764 503805 857898 493907 784749 500734 720348 500382 786963 525149 780258 513234 829236 517376 789963 534953 838764 499194 773730 505114 780498 516714 823587 505181 852915 529434 772002 538194 883188 487455 784485 525030 765747 517660 745050 494949 775650 491327 808170 523500 841149 517414 722388 541240 892659 525718 867489 558787 883110 516028 751614 491129 784530 517200 770889 502265 760077 519493 855597 500441 813651 520001 779190 533037 748611 539741 843369 506719 814989 513651 744555 508550 802173 509473 795885 505858 847923 485048 822999 492029 754209 499887 856821 524981 815526 522859 767490 497907 803553 513400 770463 540800 827787 520646 807609 518214 815706 539542 807417 506666 832152 557227 958989 488260 780522 508280 832818 494355 837729 507810 845523 562086 935475 536838 864240 514562 848964 515910 894276 503767 809157 501409 745416 501107 789201 530285 740148 529650 867585 546108 896928 491837 781083 516964 834597 495144 828747 494431 795714 518081 827112 480529 810543 528822 881592 522779 915582 
515520 841272 520958 858942 535825 831384 537820 876438 534425 804012 502113 815328 548935 944886 551359 907272 525673 773862 525291 837027 587558 942732 528016 857010 543618 928344 550950 807357 519079 844044 523054 896631 542294 800526 524187 763968 550777 898113 522375 864027 553074 899034 531566 891915 517595 842532 533849 795945 545839 862830 540938 825726 567359 877227 527462 769830 520236 842673 533755 802131 581954 865593 535855 853152 531173 862269 562532 970131 512974 870030 527556 789627 541131 839319 550520 874863 511100 862746 528425 809553 515614 814206 526986 806496 527129 782751 528291 880368 516842 845091 531856 875337 582256 922881 517469 879867 531867 821532 521816 843153 527426 869460 527874 885846 535766 858915 527465 776526 546382 800589 510032 791787 524190 855501 521857 806883 531882 956961 505563 805755 517495 838800 561019 937899 528621 833046 530991 782994 537540 845145 562623 875931 522981 833292 511703 787944 528255 823854 542878 769425 591215 930903 539432 787467 528798 815412 537959 840834 521617 821151 521783 839199 524336 863739 575002 937539 579587 947130 520944 829158 542902 878403 533801 829410 523014 847743 590180 1037310 534368 850866 554865 874179 519000 829023 522363 881739 501919 836499 551785 888060 548675 857250 531737 820794 532488 887175 541495 926310 525474 758634 520130 832812 520138 859200 515657 817914 541313 860916 528818 807885 
602165 918642 546643 926064 554347 910116 585086 868545 531887 855195 586925 992685 547553 845949 566331 827130 515456 813489 545314 909372 570185 978192 569990 849882 565865 850755 538927 846702 548477 922098 516454 810297 579594 880899 529997 863475 542820 851364 543072 899223 576844 979212 560106 859734 582131 850785 547936 842892 590326 973251 555550 849117 546317 873960 542200 854763 555981 832116 568099 913833 564956 831453 561405 907098 610720 952365 522295 804000 566915 885288 571237 868548 558916 900000 570238 924348 546252 830442 556455 847701 550094 850053 550332 840399 559390 915627 560717 804864 541568 844716 553846 931971 542373 907479 530206 814875 526668 854610 537583 889581 567401 865653 568149 809742 577559 919680 528134 809280 569131 988209 562882 869679 549015 834165 573856 857583 548988 805950 557208 954750 573702 879687 522408 858768 550072 826686 559245 1014669 569426 907653 540151 888009 565671 963021 537023 841203 532490 820566 542393 859845 565193 873414 534263 848388 564257 932394 600618 978075 551403 883167 571576 882783 585397 995664 528176 849252 542014 774402 532920 876192 532946 826023 545973 826935 521855 799686 590734 975045 526233 873756 605047 1051311 562989 905883 554307 882168 567269 864141 525598 781623 558884 885249 535796 857130 542683 797088 528902 824346 519053 842178 528945 804432 587895 968646 529281 829203 606111 1021155 537927 809160 
593212 974727 569008 910668 583557 979449 609517 1014882 587874 977814 561943 859098 560016 927621 586870 926979 549837 913953 570373 861276 573354 936870 550106 897984 545202 857982 593256 963954 568987 924744 580794 912978 580426 948816 542363 905136 569357 966210 563226 877929 566109 920460 559350 809568 594915 1020462 590471 883695 577456 911280 563986 857103 625819 850176 564819 870144 580942 969354 559396 919596 579336 958590 574220 865158 584076 925089 588247 984774 590519 989895 626382 1033644 579175 826617 604437 978444 581767 867285 575631 994785 569483 862812 560074 908280 541412 856278 554602 928779 569558 945642 554702 910875 667027 1076946 580101 954759 566241 851100 547813 831957 559752 849780 578307 838707 567343 929574 562551 942420 569279 885768 564604 936150 607249 914505 574826 928854 598853 935352 569433 972231 551991 851574 552085 883704 582111 949677 579264 938469 573729 879219 586852 1065801 574542 906678 580451 931830 589860 1006272 572776 896202 595033 887316 569657 849261 572960 853872 595257 945366 618886 931833 572831 853077 559215 896127 572984 937326 567658 879027 562112 865251 611797 1008693 582709 977160 576635 960111 554652 902802 557137 928497 607004 1085634 581918 994371 563400 969093 607698 978489 564106 900282 563771 858999 562935 974061 568507 871848 557686 924891 550274 858609 569504 846006 587631 907269 569701 967245 543553 826773 601894 1005267 
565992 831642 600007 901659 565306 905118 606140 943290 565049 866655 597581 1042293 582189 1001850 580324 826644 604300 897840 602769 939369 562380 883416 608520 891408 593285 930666 556711 887283 616344 894126 576677 912939 561495 865140 610487 902715 573428 887571 578735 869520 569151 894960 583008 923370 604918 1076259 586899 911799 564230 922548 590730 899451 589787 848286 572428 890295 581700 995805 570675 891489 624946 929295 577349 1013754 592704 958692 585658 995364 617447 892305 574540 862605 588119 937446 573653 936543 575322 920889 611009 941799 575208 911337 573857 927345 609522 1006965 567955 854418 593899 858303 595863 906336 579537 939102 587251 950826 591526 954405 567121 903873 580520 929544 598273 960099 589764 933309 590827 886806 631776 887652 611144 1017750 557075 880467 647018 853626 579514 896577 655345 1029714 583818 961875 613364 1005102 600877 883239 603328 869703 610072 970227 596879 953775 564737 909144 562541 841044 582420 953112 581057 940614 568114 879936 602905 886077 619819 987108 573281 941580 572397 883116 593115 992808 623691 975741 549805 922689 594391 929472 583522 884376 609364 958053 569039 848664 584437 991476 580559 910716 602296 1027656 590855 906516 572725 933294 603094 993774 599019 1018944 572215 873714 566574 875673 587074 1017879 600450 896790 595573 880278 565457 918048 640101 1069728 606386 1017561 563278 949305 582023 971982 577205 967074 
606784 997971 626263 1046760 622425 989247 682659 1107003 581078 865410 654823 972663 602979 927384 613029 920466 601370 947124 623745 929778 627863 1031997 589527 936558 624857 914595 584567 961983 632958 1011921 635132 1118709 661639 1126761 613762 1008828 619857 952710 594782 976545 611387 969288 585667 904401 585525 902232 634975 999093 594282 975660 596295 920556 603307 934998 602135 957018 609477 1026357 621271 1017789 620540 826002 612217 983514 607137 981315 585803 991797 585573 891021 615826 1032594 627893 948012 601108 975516 592577 935049 612090 990846 633156 1018128 607596 957711 606997 982683 633825 988182 623406 961491 607117 923658 603403 1017894 603821 990534 598229 1007976 626881 1094505 617966 923694 623395 1023330 589509 927225 612346 1009386 618637 948714 619346 999336 577445 916242 592187 909978 613144 1013184 594246 885195 616682 1041414 593767 894753 605103 977205 603699 946722 619384 1011513 603160 911274 606042 955581 624203 942147 601853 905730 604056 949281 603445 962481 640473 932628 617768 967125 620779 908841 651129 1006194 618537 866457 597601 892305 578607 867069 644847 1139874 603920 941517 635175 1083459 611062 974427 604017 916944 607521 927585 620086 1009323 628681 969615 607919 930180 601217 1048305 631419 1015935 616857 904968 608889 926520 605675 903642 616507 1019445 599033 871374 612429 978846 612207 962175 622890 958485 693306 962676 608047 951654 610446 919707 
601931 1002654 645568 1076145 610781 961335 631749 1073283 603532 956925 631583 1104270 627287 1040001 638617 1083402 600880 983934 603227 943998 652347 987612 613947 949410 628975 1003290 611411 963771 613430 999933 632332 1034868 631797 983115 622534 947130 621516 929139 626685 1007022 614704 988515 634050 940446 609929 1003497 620085 962307 631796 977319 638382 927924 641021 999018 618620 1008381 611149 964152 648287 1060035 634362 1103193 642411 975909 658230 964308 616996 987000 690939 1044570 604681 968778 634969 1069683 647851 1008702 622258 1029048 638551 984456 659789 1140978 640900 1074264 604733 963243 631822 1020693 624711 981669 632904 1018221 592170 940893 599712 979371 613272 936249 619131 1050522 635331 931065 600861 948735 621867 929070 602148 969759 636351 970197 663868 1087614 642356 1005222 610675 971820 613726 1023459 642843 1007229 623786 994326 610906 942141 648636 1100328 604243 969330 641532 968139 601477 981030 648746 1017093 634070 1027512 626866 1011000 620220 963030 696998 1272855 609533 970404 627871 984846 617054 980862 646347 1017411 610189 968688 617562 995442 612158 930858 623493 1016880 638731 994395 653549 1034652 628219 995700 619244 931677 618429 988518 624468 967644 624619 991851 659306 1187640 591011 952782 638678 1034058 602229 1003284 652341 944085 627398 1093095 625609 1024545 638167 1034637 623525 997539 609158 1026366 627353 1010664 609506 924225 632183 991566 615084 1022571 
646331 1001436 638682 999246 649346 1008672 657714 1061790 663456 1040103 670232 1068735 620940 924945 671778 1024161 619070 1026630 629545 1012338 617715 999147 654624 1120161 657337 983376 640605 1064991 614886 945198 625605 994824 639642 1051077 663041 1055637 642934 953391 647016 968883 652595 1054311 657915 1018305 697093 1122705 685707 1061568 681710 1119708 642163 966276 624105 981117 647694 1130700 645162 1050186 640439 976998 663369 1049064 642276 1075383 623147 1036179 647356 1088277 665578 1062435 638327 1001634 630136 1060782 648024 1106226 637116 1007769 687463 931041 633395 1048947 652891 1131921 634833 983568 625907 1030833 626870 972171 654695 1145877 638300 946407 747983 1218165 625875 963990 628152 985044 657293 1011777 703615 1019148 689835 998820 654597 1076739 652591 1081767 665638 1007910 730364 1109628 635730 1013955 638693 1133805 672347 1083033 669114 1013844 646947 959592 640550 1038711 667526 1045323 661791 994467 640128 1108650 633827 1021269 686615 1137033 646109 1028946 663221 1099086 606673 936939 693066 1162020 652529 1054179 658440 1004157 640238 983361 685416 1101582 620423 941274 645545 1017816 655833 1005210 648698 1111338 668260 1158939 672419 1136592 666515 987744 652859 1024182 651107 1104525 654271 1070385 651262 1000500 672640 1125456 651888 971817 654879 1015878 670090 1094928 619512 1026024 615926 1021185 615938 966603 653082 995220 664055 1098324 683124 1188522 632685 998067 622051 969213 652162 1052949 
651454 1017798 682060 1126704 653611 1093161 682136 1112337 671306 1063212 709860 1205550 684700 1115586 694897 1085184 660321 1063902 674111 1135218 702965 1056114 661967 1051503 708195 1041084 710095 1221159 655158 1036083 686450 1143198 726314 988917 659493 960996 686720 1089219 655728 1094274 653181 973344 697541 1056963 680575 1083918 672933 1059975 659267 1027758 634582 960687 698782 1157145 648130 1073379 696830 1216530 667848 1004703 655271 1066953 688600 1111602 674365 1076784 669359 1084461 643930 1050759 685368 1135818 696530 1047852 663797 1060125 652479 1081503 678715 1042908 710869 1142577 654300 1042794 672829 1087527 720003 1145616 662552 1116012 686838 1012110 664176 997557 694367 1046055 687737 1213317 689290 1138365 652317 1021290 686832 1051146 671832 985971 660610 1089612 669156 1056477 646874 993720 679651 1121112 639812 1002810 675973 1103508 668709 1039557 656208 1037028 686539 1109763 648698 975798 678090 1137282 665604 1001997 642361 1003905 665598 1073865 674949 1088265 637016 1072950 683031 1034481 681029 1022553 714771 1217568 667773 1060719 661801 1026945 648807 1021020 666708 1102038 647700 934449 662098 1032453 635774 1003824 676463 1046067 684194 1066509 651756 989553 710470 1308630 683529 1080153 651329 1030818 720381 1070202 674748 1050042 668391 998400 637814 1075080 669451 1115682 655080 1044531 680084 1028148 687625 1211793 695861 1078332 669800 1152864 656935 1072923 663873 1012167 654624 1091544 668855 1027284 647979 1067940 
701943 1054962 769721 1217808 677603 1008816 663577 1074153 696915 1028121 680035 1010052 691889 1099272 685041 1108248 653590 1013226 711185 1028085 695484 1236714 686499 984459 707108 1172568 691430 1070982 686223 1052562 684355 1045911 731947 1169586 698930 1149693 703856 1112166 725157 1151622 687259 1026834 693743 1128639 656194 1010202 666533 1011435 676637 1018452 670157 1155882 686243 1195947 709217 1118382 714738 1210818 673677 1092231 703213 1074570 787359 1301505 697111 1111488 731522 1028112 667191 1122063 676072 1082772 662307 1000836 712154 1209273 687196 1074342 664844 995976 691749 1183134 660511 1046880 697101 1078770 689968 1092474 708995 997170 726775 1182678 695546 1131003 713847 1294941 697460 1142988 698051 1140561 682959 1223418 689965 1063983 701159 1003929 686807 1152966 692800 1168560 687780 1110150 751834 1071249 701391 1027041 696984 1126044 691555 1072914 711774 1074876 653279 1065807 654356 1061694 705041 1238595 690067 1121214 679637 1101000 755994 1212126 651592 1010181 699408 1090350 711061 1180035 674878 1127697 677693 1125033 673397 1146519 689412 1091700 681183 1083852 668405 1036893 676859 1001940 680288 1018230 680722 1023249 722329 1109235 657741 1022193 684276 1117122 652982 1024788 711259 1113708 713645 1089174 712230 1179057 667215 1017198 663531 994821 678940 1080804 705269 1113012 719980 1183566 734994 1245471 709503 1267332 647175 1010427 741784 1164225 701200 1100118 708447 1202817 650780 1051701 701100 1114116 727567 1055910 
709056 1098945 737803 1216155 735326 1295109 701182 1129395 676288 1082745 694182 1190370 691698 1083708 694176 1178196 713626 1073700 683240 1119840 706890 1093392 688744 1101111 747727 1254165 709590 1035699 699582 1048053 678866 1076229 688254 1052820 715476 1093971 714713 1090575 792281 1219839 707928 1087701 700732 1095447 707700 1278234 679487 1119264 755047 1207863 690110 1104846 721223 1217208 688435 1085127 732295 1203804 694791 1089165 747421 1089918 709741 1173483 678360 1049784 673511 1125318 673648 1051629 717386 1159239 703216 1116693 723497 1145637 707221 1120146 687180 1091919 757842 1123905 692761 1125315 703252 1100628 709575 1083702 703599 1113408 709989 1145712 684767 1045506 705556 1101228 696307 1149780 734689 1214124 691743 1071030 696399 1170864 710697 1119354 723924 1237512 705242 1159743 701607 1071660 721247 1119681 705904 1171575 679887 1184007 723080 1179432 695843 1156980 722456 1156185 683767 1145661 739131 1260156 730787 1139517 730413 1226451 749223 1065417 754994 1285794 731769 1182093 690953 979713 695337 1159941 706119 1156104 732423 1268679 696158 1129899 672599 1055556 741970 1232985 697297 1026030 691863 1129509 701848 1154025 699872 1201779 675709 1093533 703694 1118217 698461 1108443 779790 1366938 718920 1064727 774702 1335744 699106 1134549 722013 1173867 694674 1107258 707411 1146396 726443 1163598 698210 1100964 716417 1105230 721113 1145466 707960 1178547 705855 1088601 709889 1118523 761046 1105683 708998 1134279 713996 1092327 
762298 1288908 737103 1262409 690196 1058892 708893 1110129 764508 1259736 754666 1144803 732486 1193349 773569 1402263 717470 1120590 801855 1317897 769282 1292619 722375 1217427 704768 1182255 733809 1134804 710871 1151283 705201 1228590 720071 1240962 768691 1172124 702206 1062744 714379 1112991 745078 1120422 750613 1208922 723312 1122789 732340 1234248 717137 1141347 796538 1243665 842519 1405329 716015 1102086 717951 1141848 711516 1146990 707765 1087227 735121 1178481 756059 1122600 723196 1150698 755932 1152282 726342 1133403 777123 1210566 725806 1095996 708939 1160574 802687 1306233 733049 1193106 729775 1203993 712845 1067031 741070 1225119 716525 1176456 714649 1147479 796150 1192632 772049 1148502 748979 1088427 737055 1137072 728502 1163331 815635 1345794 718028 1141425 716694 1127664 715774 1208415 691779 1165191 734591 1225773 773682 1324800 708626 1183320 709773 1204899 709135 1187376 742272 1112448 745819 1227606 708230 1205946 712712 1145598 719408 1172403 720138 1155018 713291 1225647 731477 1096716 758393 1222773 739490 1198122 708071 1084584 708352 1143090 701963 1049277 741108 1164531 822528 1261224 708302 1082019 710974 1188393 753053 1180029 703195 1120824 764289 1366992 719470 1202664 746988 1206591 735319 1221297 790590 1331010 700303 1115433 743863 1142316 722094 1155483 717558 1129527 749719 1166838 770389 1089159 752582 1278810 740837 1198311 717558 1190400 781769 1216965 705555 1021992 721226 1113765 692307 1060923 783718 1134486 715733 1123263 
736230 1238523 721992 1184862 737841 1090365 772329 1128726 810642 1346400 719589 1128564 747858 1219950 766757 1233333 744516 1236354 734152 1133061 763087 1178946 759819 1090824 754298 1215915 763222 1320651 720058 1152831 723847 1126113 712829 1133604 730638 1246062 754065 1258290 789542 1341162 807795 1228002 761370 1163397 827301 1272840 724641 1103025 763883 1147365 735382 1236270 710206 1078776 726207 1137513 740608 1222359 745288 1317669 756823 1178697 824253 1386954 775763 1134972 780769 1402161 729035 1105230 782206 1314651 756318 1278885 750017 1272480 731250 1177977 711707 1157316 731763 1170213 740149 1165386 715016 1140294 767490 1288494 764516 1223349 730974 1140987 744141 1124052 728557 1189656 730927 1128453 732039 1074441 779983 1275699 721830 1155375 745774 1165716 783379 1136853 738708 1203357 761527 1196721 767241 1039140 770207 1245984 753749 1311885 750955 1188096 726453 1084317 759551 1151130 725799 1168398 725067 1148928 718077 1128234 802843 1337451 733659 1145235 739180 1157019 724272 1089720 766667 1114623 794727 1120812 745251 1148154 759693 1176006 774860 1269522 744267 1215891 724637 1119390 770987 1219284 737551 1170891 712017 1176834 761289 1238046 748325 1117530 731349 1101735 777896 1277808 784299 1251834 757234 1126878 730961 1110135 742203 1245825 791497 1187073 744514 1091925 748554 1254795 737242 1231551 752254 1201392 764306 1286616 725414 1174992 751292 1179441 767298 1114902 751697 1131846 736339 1171923 792649 1226607 745195 1185222 
756670 1108623 760189 1151565 782993 1294416 777307 1172967 777949 1102803 789290 1184526 851176 1440597 748715 1216830 768668 1224825 765628 1201770 781639 1249944 748613 1201692 759239 1207092 798951 1172799 793214 1326444 768549 1371171 779143 1189242 764421 1309317 775891 1175358 811173 1193766 786660 1175460 780786 1262088 750364 1229967 773953 1207194 772018 1207452 760862 1303038 772297 1244904 765059 1101684 778481 1278624 782298 1278903 825362 1307667 760784 1242312 798348 1169619 767544 1172229 775606 1140948 727028 1113168 760142 1331631 791958 1162182 742465 1187832 859198 1346706 778261 1189092 759342 1196550 771649 1172658 768718 1230669 758216 1171131 744522 1222389 768237 1241577 745811 1102143 772084 1282563 765791 1229496 780931 1284885 757523 1192308 752017 1205901 793743 1186746 775660 1145625 785389 1282641 747143 1133826 779831 1206288 816798 1279203 795756 1287528 761590 1148802 769757 1138890 769801 1119483 774389 1239201 858918 1479396 791158 1201050 792736 1247178 799237 1330566 760123 1314549 840302 1302132 800122 1197927 758018 1179834 746488 1232403 775339 1248114 761376 1198002 754940 1205481 780120 1117767 797365 1293921 766082 1251213 816298 1285830 772476 1162365 770689 1156893 746822 1206630 765571 1162860 774689 1264953 784619 1270389 780187 1261617 819712 1304415 817852 1177863 835296 1325250 803246 1404096 772108 1378569 788844 1089681 763342 1181124 746286 1226565 809409 1326291 773366 1253172 765571 1244910 788850 1179588 775047 1069668 
833735 1424454 785982 1214835 766416 1287117 828544 1333806 770571 1212855 788083 1170213 761433 1259400 766812 1255695 770678 1230336 808690 1199382 848408 1350123 801443 1372032 778131 1234482 760419 1194801 797057 1286724 824736 1317582 826177 1315917 788875 1300584 802675 1195881 800635 1298682 786811 1260318 788679 1305255 752988 1208730 774748 1272498 765074 1199748 762704 1162743 784938 1151127 832324 1276206 855944 1409118 763125 1190283 793392 1206540 783504 1219545 841060 1431909 762749 1174860 781767 1251978 864862 1453755 763775 1232583 787976 1184097 795382 1246740 825767 1154130 765544 1235772 766122 1213644 773503 1174365 805835 1365621 808105 1316346 793857 1275549 811613 1297842 785189 1258575 907282 1488471 823462 1377480 784671 1229106 797261 1193367 757161 1204428 810890 1309629 771560 1180557 789689 1198248 817704 1293660 788516 1324341 864061 1430037 810173 1228812 816471 1213089 759589 1190304 784035 1174305 823479 1482420 785193 1219458 755844 1203033 817715 1333671 820467 1260711 792715 1264137 784785 1235646 820160 1375101 802762 1226286 791636 1364976 809285 1433577 805214 1193772 754452 1269918 845119 1206330 837915 1375305 806651 1301835 760961 1173177 775973 1260843 842641 1234833 751334 1258293 772846 1276140 846841 1414587 767632 1240875 789233 1201551 752665 1206255 778150 1221039 787239 1279533 778013 1258596 780798 1292193 803596 1308528 770273 1189752 761620 1157844 772299 1332654 772370 1236666 751653 1204701 798021 1187823 797746 1278384 
802107 1238949 795248 1211373 838041 1309935 804229 1242552 800792 1371993 816832 1156107 796643 1197429 765399 1308021 859338 1237008 871269 1380576 834670 1190556 808701 1213800 783524 1315803 805079 1188528 874080 1342650 806217 1317132 828004 1212930 814549 1222050 791410 1363581 831807 1394181 824391 1310088 813099 1246722 818453 1255686 817955 1319679 859151 1274652 778936 1277226 806342 1210569 804638 1259202 797634 1298223 801005 1348275 779631 1236045 863475 1265760 843698 1390275 844800 1260609 844114 1363791 777942 1241694 788036 1276812 810174 1299087 815439 1256949 792918 1246857 861620 1330209 875282 1325487 825121 1298712 807587 1273767 881050 1444425 828337 1226829 807776 1329888 803535 1265676 788644 1202775 819867 1193808 811631 1257087 774367 1174563 772366 1212999 816110 1294158 788079 1300335 802112 1321230 797513 1208871 817696 1222221 831064 1437456 794034 1269222 783607 1260276 833755 1174431 872864 1459047 767900 1172775 796888 1318992 867337 1290735 882816 1400070 868892 1200639 848257 1274358 845527 1348971 836610 1237971 819218 1236393 822843 1216896 826507 1409715 795435 1315758 798372 1257723 785302 1248969 839124 1337592 800890 1239348 778519 1294629 838863 1356045 844049 1449606 809806 1300779 765135 1189797 822089 1394943 846264 1384167 852268 1339482 831931 1384428 796459 1317654 911292 1377630 799294 1292316 800025 1335954 819430 1241649 786233 1303884 799387 1214937 815386 1330698 781452 1254696 784250 1300218 810469 1257072 822290 1376769 
814149 1349820 841524 1236084 798361 1307322 822601 1285050 878318 1587627 821096 1285719 854336 1470786 800762 1326594 801950 1298805 812178 1190046 838567 1242675 858655 1405794 833781 1341735 858536 1334850 808500 1237374 852175 1370865 855487 1236708 796008 1296906 817213 1410951 876745 1451238 807976 1219683 852088 1334916 843231 1441440 839067 1353123 822989 1428843 821313 1349028 807064 1350246 810630 1233936 801905 1296318 791916 1242654 903713 1456470 852172 1218816 802604 1303596 830496 1359396 869958 1459767 812656 1293324 868046 1367838 833342 1386831 846687 1328343 790915 1239606 823710 1238889 845302 1440126 833801 1250457 852006 1424076 830919 1292559 814076 1374930 881474 1211499 815133 1315662 830604 1279074 866509 1436208 814946 1382919 834887 1271832 832354 1351983 811932 1260102 873963 1518939 823328 1300914 831203 1323231 874766 1320753 811910 1202256 866846 1251036 802248 1251036 815037 1316565 784962 1259526 806216 1242579 839787 1260273 870391 1293465 820248 1307994 822046 1320936 859814 1434729 810544 1256199 883804 1525644 814844 1355115 812358 1271910 897509 1265625 860909 1465623 833237 1141650 845428 1359060 854620 1397925 829054 1327497 822023 1315116 840407 1171671 801868 1325937 885145 1446672 842028 1335420 809487 1328649 866007 1519398 825104 1281528 883490 1359045 845681 1365252 865953 1556382 793302 1251600 829221 1250229 851803 1393092 863136 1509369 806859 1241073 796464 1299879 819229 1293072 844124 1409967 914082 1486794 866203 1458588 
868360 1355328 831723 1290984 880364 1502058 838681 1430799 885690 1407456 857367 1460169 863128 1401897 883331 1343046 835627 1368468 866585 1534620 838904 1371198 848578 1398834 860463 1308552 842044 1265688 851689 1331853 821426 1386702 901434 1527243 895521 1466157 813647 1323735 849458 1431339 860775 1244037 827782 1277025 830176 1320423 875603 1470309 843062 1380828 822789 1357758 859017 1443018 830650 1344795 891224 1304766 868506 1338474 828056 1344186 840371 1294515 871409 1243257 889053 1531194 829172 1320558 821151 1228221 866503 1339218 912314 1477617 819267 1306662 882008 1450800 867945 1424040 817928 1270650 885253 1413651 885205 1478499 814373 1260462 912436 1519839 849013 1396185 835524 1285221 847130 1370661 852918 1400331 848320 1444143 874280 1468218 841318 1254081 829937 1334667 866647 1463202 926647 1552284 857787 1383459 867230 1303887 874713 1262949 871261 1307103 829713 1474989 847038 1296540 859893 1317957 828240 1327875 845482 1313025 824583 1289880 852916 1413798 839616 1294983 925729 1557465 869293 1496916 876584 1246323 845598 1376544 836989 1300356 842877 1345215 827399 1365603 879702 1365165 873642 1441530 937844 1428573 857922 1394115 856618 1337097 814655 1245411 835173 1344429 869273 1503945 900837 1516794 914730 1312869 855998 1399344 882848 1244631 931427 1453116 864805 1308213 858008 1315857 826798 1304088 831072 1246746 858334 1370511 836343 1389531 841862 1317492 818310 1330686 847415 1387932 882801 1426056 848328 1351428 843250 1460724 
875149 1446528 901082 1433871 878989 1488522 836631 1336611 870609 1419438 887224 1514283 879417 1343016 878239 1424709 843212 1321032 901997 1394634 850516 1385904 883836 1349808 836909 1297131 898611 1462062 888515 1270014 887384 1385313 883097 1430154 836725 1406295 846585 1399665 881486 1509981 898481 1512030 938631 1283226 857289 1354818 909892 1487169 853015 1383045 865103 1372857 896450 1443369 875391 1372815 857733 1357833 839349 1327200 871282 1423230 867924 1421748 887560 1477581 862034 1353087 854958 1333872 908870 1479612 891670 1574964 859589 1437846 835700 1290921 851295 1247361 900866 1328406 945790 1600908 879651 1308048 877713 1498344 843214 1391616 860967 1367178 870374 1306746 850599 1289865 869691 1412421 825350 1317369 857661 1429794 904151 1414485 881247 1514763 917885 1473567 907484 1570152 860418 1388229 850442 1348359 868980 1438122 900972 1338804 842088 1339992 898888 1399245 958781 1590537 846119 1389105 862693 1437954 860335 1401879 853609 1353234 864967 1280310 893164 1500834 921943 1477806 888595 1403343 854977 1340022 853082 1351998 889364 1513677 859321 1320075 881015 1370844 837023 1340022 884645 1548051 867378 1371345 883005 1405029 889756 1338915 855634 1448940 868352 1367256 834276 1336962 987092 1485213 900496 1433676 824697 1252185 860954 1278723 880802 1248036 875735 1516458 879107 1415394 849716 1368852 867332 1408746 862589 1297068 904782 1358934 841201 1364646 1007040 1535847 893962 1451292 850856 1294401 870949 1381875 848209 1321044 
878230 1286988 905871 1462941 872865 1410099 949234 1384623 877204 1328286 888201 1353270 872823 1367946 913554 1400688 881158 1545297 914693 1365348 985402 1357437 899582 1277781 914485 1472235 919354 1475802 846300 1308942 855628 1369188 854645 1352580 868988 1428228 880473 1375074 920156 1299453 855274 1304592 872848 1365120 927894 1326936 886342 1371672 954334 1613385 872021 1486590 896944 1595751 873910 1428825 934468 1652205 857972 1442067 893128 1477587 915970 1544448 862208 1315617 885564 1315911 869299 1446138 870621 1340697 875712 1465983 867056 1362909 931770 1567869 892525 1345659 902089 1365003 857702 1346469 840360 1323573 942960 1668396 895773 1300119 937180 1393809 870359 1384452 920058 1475571 906336 1516725 892744 1371834 918402 1442544 894158 1468065 902736 1491714 945216 1625292 931990 1439649 909581 1605927 908196 1423365 878686 1382658 932379 1404078 863717 1331760 921059 1512537 910447 1559691 952692 1550715 867674 1432851 940023 1399164 1074343 1821207 884676 1474650 849710 1385556 899187 1414260 862775 1346181 913205 1368153 911289 1651095 902200 1405413 864213 1258182 955093 1458240 907098 1443951 1015239 1801335 866087 1441485 858773 1285050 856962 1390002 876708 1329060 933936 1617525 931102 1411830 868726 1354704 912108 1393311 853136 1352973 896909 1476387 885444 1407540 894703 1410090 884563 1410306 927760 1598124 962647 1418451 922201 1544715 874765 1446801 884790 1370949 925006 1502028 872119 1353993 880726 1428390 927555 1453527 863528 1341099 
924436 1505886 888604 1332159 909042 1460292 933173 1462542 922956 1448658 866900 1399461 925880 1480323 886876 1498641 917246 1463121 909304 1296630 956020 1451637 926376 1410582 867589 1333680 981807 1473351 935363 1595532 900153 1351266 897501 1423722 909259 1415979 913933 1326963 874401 1454433 960825 1398321 862606 1385163 899402 1435800 975754 1583625 915975 1479096 901107 1385616 891418 1406364 882025 1394427 914409 1498980 907777 1564440 991841 1585263 890736 1381923 988884 1758894 925417 1523859 901256 1361592 898053 1339980 908734 1376091 896974 1500942 901735 1460598 944462 1637580 898440 1412844 895042 1289049 976898 1487904 953706 1504248 928998 1525095 904949 1488270 958876 1365354 885355 1463874 965129 1496940 906758 1345185 891951 1443531 883677 1429242 957635 1628187 952209 1433547 927131 1490427 908692 1475736 907719 1382538 926115 1526865 897335 1399224 943718 1397991 912180 1360062 868818 1398642 883063 1388541 900064 1379730 926165 1402896 929634 1405605 918464 1436445 914688 1383573 936741 1520484 878756 1418421 910970 1465098 906595 1402791 909121 1527069 902981 1519479 882045 1387002 914690 1452348 919591 1474356 941863 1390332 895214 1372398 888160 1442034 878367 1375446 919221 1363506 890620 1363695 900934 1350003 919994 1402653 911269 1477935 906431 1567734 917603 1492812 887554 1414056 935367 1480614 928247 1585479 910351 1425120 927130 1589598 926595 1473672 930093 1332072 979851 1474719 890382 1404282 880368 1376781 908209 1399458 935961 1511421 
929476 1536819 961714 1594863 908491 1534368 931246 1474032 927580 1521414 914755 1477359 938723 1479105 947744 1482369 921187 1411587 962630 1475337 939973 1489125 886643 1469622 966510 1481478 928187 1453473 906586 1349847 933231 1321317 915027 1522806 958455 1489392 957275 1543608 956911 1448790 1008562 1634454 975498 1656261 982753 1585020 918175 1456383 943301 1418784 921314 1562472 918004 1585620 907761 1503180 905007 1472703 996054 1515123 932841 1487697 910804 1554792 921048 1410375 941104 1570764 997065 1413351 958264 1374744 979939 1511091 963327 1494570 943863 1415520 965008 1477455 935959 1557081 956708 1592640 948568 1573569 1017656 1847178 922649 1488207 892645 1372476 942390 1549887 915708 1455018 981567 1711440 947228 1544685 990706 1512207 900267 1452114 892406 1438863 999905 1430676 985487 1724952 1075165 1820589 900934 1408251 932972 1506129 971663 1379868 946394 1343286 926550 1451553 1020146 1730178 968892 1389876 920188 1471056 988874 1433463 968633 1578132 984632 1523709 924589 1388970 912549 1378062 922308 1493538 965206 1477587 899860 1496289 924235 1421760 901824 1474131 921170 1505571 989212 1692084 933818 1531515 922410 1385178 945598 1586649 937364 1466538 961169 1584825 983028 1421712 919489 1466748 925951 1362663 934101 1611726 931006 1371735 951540 1390053 929688 1285275 976800 1524669 947491 1429725 954626 1646055 938747 1541685 903435 1501173 907854 1515516 957547 1422864 944847 1611432 913018 1532847 915478 1491024 959636 1494891 905661 1442304 
