19 22
21 20
22 38
23 8
24 89
24 64
25 81
25 88
26 94
26 67
26 150
26 83
27 178
26 154
27 139
27 157
28 157
28 238
28 196
28 247
28 194
28 238
28 285
28 239
28 284
29 271
29 292
29 334
29 326
29 345
29 316
29 359
30 392
30 383
30 363
30 431
30 401
30 419
30 423
30 441
30 442
30 517
30 500
30 494
30 485
30 519
30 530
30 530
30 549
30 543
30 557
30 574
30 584
31 593
31 636
31 640
30 631
31 634
31 654
31 659
31 666
31 704
31 697
31 699
31 721
32 699
32 750
32 829
32 752
32 751
32 883
32 712
32 874
32 831
32 845
32 853
32 847
32 898
32 834
32 929
32 888
32 874
32 877
32 875
32 954
32 952
32 926
32 896
32 1076
32 1000
32 998
32 1082
32 1010
32 1085
33 1074
32 1103
32 1074
33 1050
32 1106
32 1130
