19 0
21 14
22 79
23 87
24 92
24 74
24 87
25 86
26 98
26 60
26 158
26 135
26 102
26 159
27 158
27 158
28 157
28 257
28 196
28 160
28 236
28 241
28 294
28 262
28 236
28 236
29 349
29 334
29 234
29 398
29 317
29 373
30 336
30 424
30 380
30 354
30 395
30 400
30 397
30 492
30 455
30 469
30 485
30 491
30 503
30 497
30 505
30 499
30 583
30 506
30 558
30 598
31 586
30 566
31 601
31 665
31 663
31 584
31 665
31 679
31 722
31 689
31 638
31 683
31 767
32 722
32 739
32 690
32 806
32 776
32 833
32 833
32 752
32 833
32 910
32 839
32 833
32 835
32 926
32 906
32 912
32 935
32 914
32 902
32 1031
32 969
32 913
32 1000
32 995
32 997
32 996
32 990
32 1018
32 1036
32 1059
32 1076
32 1085
32 1060
32 1157
32 1131
