16.67 7
18.91 14
20.33 21
21.06 27
21.5 14
22.08 17
22.75 19
23.07 22
22.97 27
23.61 30
24.12 33
24.67 34
24.73 37
24.35 38
24.7 41
24.98 43
25.36 46
24.94 49
25.22 51
25.59 55
25.87 57
25.95 60
26.23 62
26.16 65
25.9 69
26.4 71
26.23 73
26.85 76
26.88 79
26.93 81
26.77 84
27.06 87
26.88 90
26.84 92
27.26 95
27.66 97
27.35 100
28.15 103
27.3 107
27.23 109
27.84 111
27.8 114
28.17 117
27.95 120
27.85 122
28.55 125
28.39 128
28.32 130
28.27 133
28.59 135
28.2 125
28.36 130
28.69 136
28.53 136
28.51 135
28.54 143
28.78 143
28.49 146
28.45 148
28.76 147
28.59 148
28.8 150
28.86 153
29.12 156
28.5 156
28.92 159
29.27 163
29 164
28.92 167
29.18 178
29.18 174
29.5 174
29.53 180
29.46 179
29.59 182
28.89 184
29.33 187
29.39 191
29.31 192
29.72 193
29.71 194
29.72 198
29.87 199
29.58 215
29.98 204
29.93 205
30.12 363
29.81 219
30.47 215
29.92 216
30.31 216
30.55 218
29.84 221
29.95 223
30 228
30.21 235
30.1 241
29.77 240
30.27 239
30.01 250
