20 13
22 91
24 3
24 72
26 65
26 78
26 87
26 80
28 83
28 82
28 169
28 93
28 153
28 165
28 166
28 196
30 137
30 253
30 162
30 270
30 229
30 243
30 256
30 262
30 241
30 341
30 251
30 354
30 312
30 321
30 363
30 384
32 366
32 384
32 371
32 381
32 407
32 426
32 432
32 427
32 436
32 459
32 464
32 473
32 477
32 476
32 475
32 523
32 552
32 555
32 556
32 556
32 523
32 640
32 602
32 589
32 596
32 631
32 637
32 642
32 672
32 689
32 654
32 699
32 699
34 713
34 713
34 758
34 740
34 694
34 878
34 758
34 791
34 792
34 795
34 843
34 798
34 872
34 828
34 874
34 950
34 890
34 824
34 978
34 897
34 874
34 1012
34 939
34 963
34 984
34 953
34 1030
34 996
34 1033
34 1030
34 1057
34 1125
34 1107
34 1083
34 1084
