19 9
21 32
22 58
23 14
24 74
24 78
25 83
25 90
26 88
26 76
26 162
26 83
27 168
27 165
27 180
27 152
28 168
28 243
28 216
28 204
28 166
28 317
28 182
28 329
29 254
29 250
29 334
29 334
29 330
29 333
29 344
29 308
30 396
30 312
30 398
30 400
30 483
30 418
30 374
30 502
30 459
30 448
30 465
30 474
30 478
30 529
30 502
30 521
30 477
30 554
31 562
31 622
31 528
31 556
31 671
31 609
31 618
31 613
31 644
31 658
31 697
31 683
31 658
31 714
31 732
32 727
32 687
32 714
32 758
32 709
32 871
32 765
32 795
32 795
32 889
32 739
32 868
32 874
32 862
32 945
32 905
32 916
32 1000
32 914
32 956
32 925
32 933
32 950
32 1014
32 1004
32 960
32 1038
32 994
32 1034
33 1000
32 1035
32 1097
33 1074
33 1047
33 1074
