5148 0
20298 0
45448 182
80598 144
125748 178
180898 256
246048 352
321198 356
406348 632
501498 729
606648 834
721798 967
846948 1116
982098 1362
1127248 1712
1282398 1739
1447548 2039
1622698 2366
1807848 2575
2002998 2816
2208148 3061
2423298 3322
2648448 3798
2883598 4017
3128748 4376
3383898 4858
3649048 5189
3924198 5637
4209348 6003
4504498 6370
4809648 6632
5124798 7332
5449948 7702
5785098 8307
6130248 8855
6485398 9012
6850548 9798
7225698 10268
7610848 10980
8005998 11335
8411148 11979
8826298 12586
9251448 13165
9686598 13641
10131748 14423
10586898 14939
11052048 15854
11527198 16452
12012348 17041
12507498 17736
13012648 18522
13527798 19269
14052948 20019
14588098 20586
15133248 21507
15688398 22283
16253548 23018
16828698 23676
17413848 24815
18008998 25536
18614148 26342
19229298 27616
19854448 29128
20489598 29616
21134748 30318
21789898 31345
22455048 32726
23130198 32922
23815348 33585
24510498 34545
25215648 36025
25930798 36702
26655948 37669
27391098 38819
28136248 39978
28891398 41069
29656548 41889
30431698 43091
31216848 44753
32011998 45758
32817148 46874
33632298 48045
34457448 49337
35292598 50787
36137748 51718
36992898 52766
37858048 54191
38733198 55389
39618348 56759
40513498 57876
41418648 59569
42333798 60399
43258948 62052
44194098 63523
45139248 65253
46094398 66440
47059548 67879
48034698 69141
49019848 70561
50014998 72425
