011111101001101001110001001110100000100001111011111011010001111110
0111111000000010101100000000010010100110101110100001011101111110
0111111001111000011010110100100000111001110101111001100001111110
01111110010001011110000111011110111001111000111110101010001111110
01111110011000001010100111011001011101001101111100001000101111110
0111111011101101000010101101010101110100000110111001000101111110
0111111000000001001011011100110101000011101110011110001001111110
01111110100011101111011100111110010011011110100111100100101111110
0111111001111000100110101100100110110110110111100110010001111110
0111111011100101110011110011100110100000010111100010001001111110
01111110101011011010100000110001001011000100101011111001101111110
01111110110101011110111010100110110100101101111101001101001111110
0111111010001000000010000010101110111100010110010001010001111110
0111111001011011011100101100001000001100010101101101010001111110
011111100001110111110110111110010111000001100101001010100001111110
0111111010000111100001010000011111000000111110011011111010101111110
01111110010001000110001111100011101100101100001001111001101111110
0111111010110001101010011000100001110100111011010011000001111110
0111111001101100011010011111001000011111011100111110010101101111110
0111111011100001110000010100010101100110000001000110100001111110
01111110010000000000111001010001011110001110011111001000001111110
0111111000111010110011101010100101101010001100001010011101111110
01111110001000000001001110101111000110111110000110010001101111110
0111111010100011110010001010111011010101010101010110010001111110
0111111001000010000100001101000111010110010011011010010101111110
01111110100111110010011011010101111001000111100010110011101111110
0111111000100001000001100101101111011100010011001011101001111110
0111111011010010101100100010001110010010001010001010001101111110
01111110011100011001001100010011111001100101101110000000001111110
01111110101111101110000011100011110101110000100101100100101111110
0111111001100110001110100001101110100001101000101001110001111110
011111100101000101101100010101100011111010010011111010111101111110
0111111000001111000000010110101111001001001101001010011101111110
0111111011101011101010100110001000100001110110001110010101111110
011111101111010011111010101110001111101010001110000001010101111110
0111111011001001000101010111000110011110000100000110011101111110
01111110010000111000100011011101110001011111010100010110001111110
0111111010000101101110101100010010111011110101101110001001111110
0111111010100101101101101100001001000110110000000001001101111110
01111110010001001111010000101100111110111101101101000110001111110
0111111010111001110101101110100010000000000010010000001001111110
0111111011101011010100011011101100000001000000100111010101111110
0111111011000011110000110000101001001010100011101010000101111110
011111101110100001100110110101111101111010101011111001011101111110
01111110011010111110000001010101010100100111011100100000001111110
011111101100011111011111001001001111010110100010001100011101111110
0111111001110100100001100011000000101101101110101000000101111110
0111111010000010010100111001000000011010110011000001010101111110
0111111001100010001010011110100011000111010110001011101101111110
01111110100011011011000101111101001011100011010000010010101111110
01111110011010011101100100010000011001000101101110111110001111110
01111110000010101011111011100010110001011000111000011101001111110
011111101000010000111110101110011001110111110110011010111101111110
0111111011000100100001100011100100011101110011000001010001111110
0111111011000100111100001011101000010010110000001000010001111110
01111110100001011011110101000000000111110110011010101110001111110
0111111010110101111001101100010000000000000100011100001001111110
011111100011000011111010000000110101001110101101111100101101111110
0111111011110011011001001001000001111001100110101110010001111110
01111110111001000111000101110011010000100111110010111001101111110
0111111011011101001110011011101101100100001111000000001001111110
0111111010100101101101001101101101001100100101100000011101111110
01111110001101110111001010000101001111100001101000110111101111110
0111111010100101100110001110111100011011101011011000011001111110
01111110011011111001010110010000001011100000001011100010101111110
011111100111011110000000011111001110100110010101011111001101111110
01111110110111100011100101101101111101000111101110100011001111110
01111110000111000100010100111001110111110001000011000000001111110
0111111000110010000111000101000001001110100010000001101101111110
01111110010001110001011000110101000001111100100110011010001111110
0111111001101100101011110100001000011000111101000000100001111110
0111111001111101011111010111110101011000010100010101011001101111110
01111110000011011000111101101111101011011000011100001001101111110
0111111011000101010000110101100110001001000101000010110101111110
0111111010111000000001000001010010110110000110111101001001111110
0111111011101000100110000101011100000110110110011101110001111110
01111110010011010010011111000001101110001111011011101101101111110
01111110010100011000010010100000011011010001111100010111101111110
01111110011100110100000110110101011111001010001100000010001111110
011111100001111101100101111100110111011010011011110100100101111110
011111100100110011110011100001111101111101011011001110100101111110
01111110011010000111000001001111101000100100001100100110001111110
0111111000000000010100000110111001101100011000010010111001111110
0111111000010111101000101000101001010011100110010100110101111110
0111111010101001000000001000010101001101001010111001010001111110
0111111010000001100100010110001001110110010100100101101001111110
0111111001001101110010011110101110110010000100100000100101111110
01111110011100010010111110010001010100111100110011000001101111110
01111110101111100010100011011100110001110100010010100110001111110
0111111000101010110011010110100111001010011100110101001001111110
01111110010101001111101001000000011011100000111101110101001111110
01111110111100101101101000111101101000111110010110010100101111110
0111111000101101100110111101000011000011100011010101011001111110
0111111001000110101010110010110011001100000110101010100101111110
01111110000010001010010010001000011000010001100110011111001111110
0111111000001101011011011000110011101010110010010001001001111110
01111110001000000000001000010011001001111101010101111011001111110
011111100101011101111101000000001110111110001011101100001001111110
011111100011010011111000110101110100110111110110110010110101111110
0111111010111010111001011110000000001000100001011100110101111110
01111110111000111001100100011101101110001111100100100101001111110
0111111010000111101000000111011001011101110100010111011101111110
01111110111011001001001000101110000100111001111100010110001111110
01111110101110101000100100010010011110101010111110001110101111110
0111111000011010101010011110100101101001101101110100100001111110
0111111010010101100000000010000100100011010010001111001101111110
01111110010101011100111100111010100011001001010011111010001111110
0111111001001100110001000100110001011000110101101001101101111110
0111111010010001101110110100000000111101010111011110110101111110
0111111010001110010100001001001001011101101100011011100001111110
01111110010011011111010100010000100001010001011100110101001111110
0111111000100001111000000110101101011010111000100101011001111110
01111110101101010000100001011111001010011110001110111100101111110
01111110111000101101011110010101111010011101101001111101001111110
0111111010000110100100010010101010001001100011000101111001111110
01111110111010010010110001100100010101110110111110010101001111110
0111111001010011101001100000011011001001111000100101010101111110
01111110110001101000100100100100001111100101010100001001001111110
0111111000010000001010010111010001000010011110111011100001111110
0111111011011001000010001000111010011010010100111101000101111110
01111110100101110110110010001111100110001100010101110010101111110
01111110010111001110111101101111011001111100111100000000001111110
011111101001110111110111100111100110111010010001011111000001111110
0111111010110111101001010111010101010100000110110000111101111110
0111111011000110011011100011110111011010011100111010010101111110
01111110100001110000110111110010100101000010100100010010001111110
0111111000110000111001001011110001101010110001001010111101111110
0111111000000110001010001110011000000011001011100010011001111110
01111110100110011011010100000000000101010111110011100001101111110
0111111000100110100011001011011010111001110001010110001101111110
0111111010001000000001011100011010100100001101111010110001111110
0111111010000101001101010111001100111011011011010010010001111110
01111110011010010110000011001100111011011001100111110000001111110
0111111011100111010110101010101010011000000101111011110001111110
011111100110001110000001111101001000111110001000000100101101111110
01111110100101011000010111001000001101000011111001100100101111110
011111101111000011111001101111011101101111100101011100000001111110
01111110011110011100101001001000101000010100100001011111001111110
01111110110110001011100011000001001011000110111110010000001111110
0111111000110000011110000001001110000101101011110111010001111110
0111111011001001101100111100001110111000001101000100001001111110
011111100101011111010111100011011100100111110110000011110101111110
01111110001001010111010100100101100110100001111101101010001111110
0111111011110011110001100111000011010001110100011011000001111110
01111110001110011010011110000100100011000110011111000010001111110
0111111001100011010000001101100001011010111010001100000101111110
0111111001010110001001101100001111001000101100100101110001111110
011111101000100111101010101001101100000001101111100111110001111110
01111110000101110010001100011110011111000111010111011000101111110
0111111000011010110000111101110101101101000010000101100001111110
0111111000001100101100001111010010010100110000101011010001111110
01111110011001010110101000111110010001100110001000011000101111110
011111101101111100111011110010000111110101011010001000111101111110
0111111010011001001010111101101101111000001011010011101001111110
0111111000011011001100000100101000111011011000110101101001111110
0111111010111101011100110110011011101110011101001010100001111110
0111111001000110100110100101001010011010000111001000111101111110
01111110110001100100011111000110011100100010101110001100101111110
01111110100111110011100110110000100111101010011000100110101111110
0111111011111011001001110100101110001111101110111110011101101111110
01111110001111001001111101100101001000001000001100000111101111110
01111110000001100011011101111100000101010011100110101011001111110
0111111011101001001010000011011100000111100001000001110001111110
0111111000001111010001010000000010110011110010101110111001111110
01111110100000001001100000101111101111010011010111100001101111110
0111111000010100101001110101100000001011010010001101010101111110
01111110000011011100000110010100101011110001000011111011101111110
011111100100101111101110011111010000110100100110001001101001111110
01111110100110100110111100100101010111110000100001011010001111110
0111111010101010000110110110001001100110110001001011110101111110
0111111011100011100010011000111000111011100100100000101001111110
0111111011011100111010111100110110110100000100001000110001111110
01111110101010000000101110110101010010100001111100001100101111110
0111111010101010100001110011101100111101000110001101000101111110
0111111010010101001101010011101111100111100011111011011111001111110
01111110011000000111110101110011001100011010100110100111101111110
01111110110110001110001000101111000000000000111110000110001111110
01111110110111110110011001101111010000100110001001100001101111110
0111111010011000011000011100110010001011010011001001100001111110
01111110001110111110001110011110010100011010110100010111101111110
0111111010001101010100110100011000011000011101000001011001111110
01111110001101111001010010011011011010100111110000110111101111110
01111110010110000101011001110011110111110010011001110011101111110
01111110001011000000001101000111110100110111000000110001001111110
011111101111010000011111011011011001111100010010110010110001111110
011111100100100100000011111000010101100011111010111000100001111110
0111111010001001000110101110010100001000011010111100101101111110
0111111000101001010110010001001101110001110110111101110101111110
0111111010101001000111000000100111100111000000011101001001111110
011111100010000000011110100010010001111101011011111001110001111110
0111111001110001100001000000101111000010111001101100100001111110
01111110011010000011111011001001010000101010011000000101001111110
01111110001111010100101100001111011011010000001011111000001111110
0111111001011011110110001110001110010010000110111001101101111110
0111111000101011101001000000111100111101101101100101000101111110
011111101110111100011000101010011111001000011100111110111101111110
01111110000001110000100001000011111010101111001001001100001111110
01111110101110111101101011110001000001011111001001110111101111110
01111110101110111010010101111101000001000010100001100010001111110
0111111010111101010101100000001011010101001011101111000001111110
01111110001011010000011001001101001000101100101010111110001111110
0111111001101100101000100000101001011100010001010111001001111110
0111111011100100101100100011001011101101011101111010100001111110
011111101001001110111101010001110010101111100011111010001001111110
01111110000111100110000111110111100111010000111010000000101111110
011111100001010101011011011010101111100001111101101100111101111110
0111111000011001111000111010111001101100000111001101100001111110
011111100110111010011001111101111101000100010100110111001001111110
0111111011010000000000011000101100110010011110101001011001111110
01111110100110001111100101100111010101101110010111001001101111110
011111101011001000111101011111000101011000110000011111011101111110
0111111011001001001011011010000111001101011100101110001001111110
0111111001111010010001110100001010011100110000100011011001111110
01111110011110110100101101101111101100000001110011100111001111110
0111111001011011011101101010111011100010001111001110011001111110
01111110100110111110101001001011001101101101001011100111001111110
0111111011011110010011011110001011010101010100110011000101111110
01111110101100100011000001101110000011001000111110101100001111110
01111110001111100100110101101010110001101011011101110001101111110
01111110100100001100110101001001001101011111010010110011001111110
0111111011000010001011000110001011010101111001001010100101111110
0111111001110010010111000010011001110001101110011000000101111110
0111111001011000100010001110000000111100101010100011110001111110
0111111011010101101011010000001111011110100001001000011101111110
011111100001110111100110101111101110011111001010010101010101111110
011111100011111010110111110100001110011000100000100001101001111110
0111111000000001011000010110001111010001110110110111011101111110
0111111001110110001001001010000011010011011110000010010001111110
01111110010010000000000111100011100010110110100100111110101111110
01111110110010010011110100111110010001101001100000010100001111110
01111110000101011111000000010111000000100011011001101110101111110
0111111010011000111001000100100100101110010110110000100001111110
0111111010001001110011001011010110111101000001100100100001111110
01111110111110001010101110101111001100001101101010100010001111110
0111111011001001011101010001000001001100010100110000110101111110
01111110101011011100101000001010011000000101011011111000001111110
0111111011110110011000100111001110011110100101101100001001111110
011111101100101110010011100100111011001001111101011111001101111110
0111111000110100111000100001011110010000011011001100000101111110
0111111001110011101100111001010100001011000010111101101101111110
01111110111001001111100101001010001110111101001010101111001111110
01111110000010110101100101011001011011110100111110001000001111110
0111111011110010000111001100010001110110111100001010001101111110
01111110100111011110001110001111100010000100010001110110001111110
01111110000101001011110011111000001110010000010000001011001111110
01111110111100011110101111101100000001010010010010000011101111110
01111110000111101010010001011011011100001100101111101001101111110
011111101011111011100000011111001011001010000111011000011001111110
011111101010011001101111100010101001111011000000111110100001111110
0111111010011100101001110001100101001000011011110110010101111110
011111100010101100001010111010001000011011101111100011111001111110
01111110101010000000101111011000110110100111001001111101101111110
0111111010110100011110101010000010100011110101011011110101111110
01111110111010101001101101101001000111001111010110111110101111110
0111111000100110110101110100010110011101111010110110101101111110
0111111001011100011001001000000010001001101101001111010001111110
0111111001000000101100111000000001100011100010001010000101111110
011111100111101001110111110001110110111001110100001111100001111110
011111100111000101110011011000011111010001001011011111011001111110
01111110000101111101000011000111011110110100001111010111101111110
01111110001111001000100111110111101011001001110010110010001111110
0111111001111010011010000011100111000001010110111011000101111110
01111110111010011111010000001000010111000010110111101111001111110
0111111001100010010011101100001010010110001000101011001001111110
01111110000111110101001100011100111010111000100000000110001111110
01111110110001011111000000000001010101101010001110000110001111110
011111101001111101110111001110110110000101011011111010100001111110
0111111010001100000011101101100100110101001001100101011001111110
01111110011001101011111000100110110100101010111001101001001111110
01111110110000000001101000010100101000001111100100010100101111110
01111110100101111101101011100010011010110001110100100010101111110
011111101101011111010101110000111001000101011001111101110101111110
0111111010110010001011110001101110110100001100111100000101111110
0111111001100110101000101001000010010011100100111101101001111110
0111111001001001000100000010010110011100111010000001010101111110
01111110100110111011001010101100111001101011111011000111101111110
0111111010111001010111100110101100011100100010101110001101111110
011111100111110101111011111000011100100100000001100110111101111110
0111111000011000001101010001000101110000100001001010001001111110
011111101000010111001100000100011111010011010111110101100101111110
0111111011100111100110111100010110110101011110100100000001111110
01111110001101111010111010111011000101000011111000010000001111110
0111111011011001011000001001101001110010101011101000001001111110
01111110101001010110010000001111000001000110000111110101101111110
0111111000010111010011110111101110100000101100000000111101111110
0111111001101010001101001101010000001100011100111010010101111110
0111111011001010001110110010101101000010111100001111000101111110
0111111000111001101110000110010110001001001000000101101001111110
0111111010111011001001101111010101100000011000011000001001111110
0111111011101000000101010101111000000001011001010010100101111110
01111110101000101111100000000011110100110101101011000010001111110
01111110000011110010101110100011011111011100001010001011101111110
011111100110101001101111011011111010101000110111110010000001111110
01111110010111110110100100111000010000010001000010111100101111110
0111111010101111010100100101110110001000100001010110111001111110
0111111001010101101101110011101010110111000100100000010101111110
01111110011000111000110001101111100111001110101110111001001111110
0111111011110101111001011110010000010010110100011000110001111110
01111110100010010010110101100010001001101111100101000101001111110
0111111000011001111011001000110101001100110101101101010001111110
0111111010010000000000110110100110011110101101010100011101111110
0111111000011101001100110110011100111100011101010111011101111110
01111110111101101010111100011010101001100110111110011001101111110
0111111001100111010101111001111001110100101011010000110001111110
01111110011001100010110011000110010011011110111110100001101111110
0111111000010000000101001101100101110011000101100011001101111110
0111111010010111100001010011010100101011000110001000011101111110
0111111000000000110110010010001001101110110000111001000001111110
01111110100101111101110010111100111101010101101000011011101111110
01111110000000001000001001101001001100111110111001000011101111110
0111111010100000111010011000010001010101100101001111000001111110
01111110000011110001000110000111001011011101111101011000001111110
0111111010011110101110110000000000000000100100010110011001111110
